{
  "camera_angle_x": 0.40039902326920523,
  "camera_angle_y": 0.710915376041667,
  "fl_x": 1774.117805591134,
  "fl_y": 1724.0180822681534,
  "k1": 0.09769282532370639,
  "k2": -0.5025745134186301,
  "k3": 0,
  "k4": 0,
  "p1": -0.00508497196872932,
  "p2": -0.006288482354045109,
  "is_fisheye": false,
  "cx": 356.31683073303435,
  "cy": 652.6026182379186,
  "w": 720.0,
  "h": 1280.0,
  "aabb_scale": 16,
  "frames": [
    {
      "file_path": "images/photo_2024-03-19_11-34-48.jpg",
      "sharpness": 1590.1812137077425,
      "transform_matrix": [
        [
          0.4498932433921047,
          0.2171359749337553,
          0.866284039965289,
          3.2566835053488092
        ],
        [
          0.8927501478724429,
          -0.13579643220222004,
          -0.4296003985971729,
          -1.6416454537162684
        ],
        [
          0.02435658051968473,
          0.9666495214659722,
          -0.2549420710550698,
          -0.8636915454310244
        ],
        [
          0.0,
          0.0,
          0.0,
          1.0
        ]
      ]
    },
    {
      "file_path": "images/photo_2024-03-19_11-35-20.jpg",
      "sharpness": 452.3074726195112,
      "transform_matrix": [
        [
          -0.1394168331092987,
          -0.3018670902521239,
          -0.9431008463718884,
          -3.414716660573742
        ],
        [
          -0.9901470676439762,
          0.029892737571018374,
          0.136803540438527,
          0.5003257955174231
        ],
        [
          -0.013104620584766757,
          0.9528812538937569,
          -0.3030603650364788,
          -0.9994766845283842
        ],
        [
          0.0,
          0.0,
          0.0,
          1.0
        ]
      ]
    },
    {
      "file_path": "images/photo_2024-03-19_11-34-50.jpg",
      "sharpness": 4289.48196614545,
      "transform_matrix": [
        [
          0.6603655229857656,
          0.10226401576330987,
          0.7439485513733998,
          3.0271204004494727
        ],
        [
          0.7479133615076905,
          -0.17848563953333121,
          -0.6393500450915879,
          -2.5533006061920647
        ],
        [
          0.0674016298822577,
          0.9786137887443354,
          -0.19435038648668954,
          -0.9026672583283326
        ],
        [
          0.0,
          0.0,
          0.0,
          1.0
        ]
      ]
    },
    {
      "file_path": "images/photo_2024-03-19_11-34-56.jpg",
      "sharpness": 2207.588798257519,
      "transform_matrix": [
        [
          0.9952038394410045,
          -0.09714394749861388,
          0.011505276404834276,
          -0.023617979158495603
        ],
        [
          -0.01866275654626583,
          -0.3040013747889366,
          -0.9524887745503887,
          -3.8566920040351214
        ],
        [
          0.0960261393523385,
          0.9477057652844638,
          -0.30435630922740353,
          -1.201992646893897
        ],
        [
          0.0,
          0.0,
          0.0,
          1.0
        ]
      ]
    },
    {
      "file_path": "images/photo_2024-03-19_11-35-17.jpg",
      "sharpness": 356.920757064989,
      "transform_matrix": [
        [
          -0.1018207862978314,
          -0.27231521761276756,
          -0.9568055966041817,
          -3.4056664309883438
        ],
        [
          -0.9936977354817437,
          -0.017479615686356816,
          0.11072160373604784,
          0.5052471969813374
        ],
        [
          -0.04687577173101296,
          0.9620493153943956,
          -0.26881922686565685,
          -1.0059949397923593
        ],
        [
          0.0,
          0.0,
          0.0,
          1.0
        ]
      ]
    },
    {
      "file_path": "images/photo_2024-03-19_11-34-47.jpg",
      "sharpness": 3085.400891954168,
      "transform_matrix": [
        [
          0.22046685096204083,
          0.21973154347514492,
          0.950322269752632,
          3.5614208686472613
        ],
        [
          0.9736765566157016,
          -0.10737765213248515,
          -0.20105721305010738,
          -0.7506976342519142
        ],
        [
          0.05786476234494073,
          0.9696329659123217,
          -0.23762066546007876,
          -0.8212623409360257
        ],
        [
          0.0,
          0.0,
          0.0,
          1.0
        ]
      ]
    },
    {
      "file_path": "images/photo_2024-03-19_11-35-12.jpg",
      "sharpness": 1067.5464754299542,
      "transform_matrix": [
        [
          0.11173403049339323,
          -0.3466836408415548,
          -0.9313033660206685,
          -3.472945812547841
        ],
        [
          -0.9937380442580228,
          -0.038552592961520485,
          -0.10487324239363183,
          -0.35118797062000706
        ],
        [
          0.0004536779059944214,
          0.9371894956238441,
          -0.34882035982369963,
          -1.0827822942333876
        ],
        [
          0.0,
          0.0,
          0.0,
          1.0
        ]
      ]
    },
    {
      "file_path": "images/photo_2024-03-19_11-34-43.jpg",
      "sharpness": 2682.658289728757,
      "transform_matrix": [
        [
          -0.1338130202042534,
          0.206665881061323,
          0.969217874983662,
          3.697533259065566
        ],
        [
          0.9910065503034637,
          0.0276047854567944,
          0.13093507198410798,
          0.4756235957922966
        ],
        [
          0.00030476051360923614,
          0.9780220802128675,
          -0.20850112157007156,
          -0.7815573288819911
        ],
        [
          0.0,
          0.0,
          0.0,
          1.0
        ]
      ]
    },
    {
      "file_path": "images/photo_2024-03-19_11-34-41.jpg",
      "sharpness": 1359.6984967491949,
      "transform_matrix": [
        [
          -0.9924453017889425,
          -0.1085144140593943,
          -0.05724460548630875,
          -0.16106129706158004
        ],
        [
          -0.08409705726080402,
          0.2619588442192837,
          0.9614079513376933,
          3.9216895819899364
        ],
        [
          -0.08933088982047027,
          0.9589589072730806,
          -0.26910556710026523,
          -1.165307581049401
        ],
        [
          0.0,
          0.0,
          0.0,
          1.0
        ]
      ]
    },
    {
      "file_path": "images/photo_2024-03-19_11-34-03.jpg",
      "sharpness": 905.3966112235162,
      "transform_matrix": [
        [
          -0.1208271947672138,
          0.16817275807052995,
          0.9783244412803555,
          4.1053485448820215
        ],
        [
          0.9922457283024663,
          0.049392822973849206,
          0.11405596742018072,
          0.5172734321166096
        ],
        [
          -0.02914109932369624,
          0.9845193103441706,
          -0.17283669705389104,
          -0.7164590193834612
        ],
        [
          0.0,
          0.0,
          0.0,
          1.0
        ]
      ]
    },
    {
      "file_path": "images/photo_2024-03-19_11-33-53.jpg",
      "sharpness": 855.2191407637412,
      "transform_matrix": [
        [
          -0.00801047991877133,
          0.18197132865728097,
          0.9832712076111336,
          4.179970215498533
        ],
        [
          0.9999292494869296,
          0.010104763093983705,
          0.006276128049272411,
          -0.027726992620738182
        ],
        [
          -0.008793647250096438,
          0.9832519154664142,
          -0.18203939809426248,
          -0.7343313396964816
        ],
        [
          0.0,
          0.0,
          0.0,
          1.0
        ]
      ]
    },
    {
      "file_path": "images/photo_2024-03-19_11-33-46.jpg",
      "sharpness": 1667.7686583153893,
      "transform_matrix": [
        [
          -0.07177987013511866,
          0.18754164623569436,
          0.9796304308919123,
          4.16567932376721
        ],
        [
          0.9970115733310263,
          0.041612405120379434,
          0.06508709844554256,
          0.2519634919451026
        ],
        [
          -0.02855823676734437,
          0.9813748206603894,
          -0.18996812481409103,
          -0.7130499592893039
        ],
        [
          0.0,
          0.0,
          0.0,
          1.0
        ]
      ]
    },
    {
      "file_path": "images/photo_2024-03-19_11-33-57.jpg",
      "sharpness": 905.3966112235162,
      "transform_matrix": [
        [
          -0.12083065187595285,
          0.16817138764774292,
          0.9783242498797354,
          4.10535122693922
        ],
        [
          0.9922448813941341,
          0.04940765531177802,
          0.11405691098615514,
          0.5172874147449711
        ],
        [
          -0.02915559832985497,
          0.9845188001923383,
          -0.172837157789406,
          -0.7164624997149633
        ],
        [
          0.0,
          0.0,
          0.0,
          1.0
        ]
      ]
    },
    {
      "file_path": "images/photo_2024-03-19_11-34-45.jpg",
      "sharpness": 2936.456426135404,
      "transform_matrix": [
        [
          0.08267965624071999,
          0.21718322765803527,
          0.9726230102289566,
          3.7033125930942066
        ],
        [
          0.9964055137951737,
          -0.03607632353183607,
          -0.07664561930712743,
          -0.29316588288690226
        ],
        [
          0.0184425194045572,
          0.9754639636928624,
          -0.2193853435703398,
          -0.7682254251795376
        ],
        [
          0.0,
          0.0,
          0.0,
          1.0
        ]
      ]
    },
    {
      "file_path": "images/photo_2024-03-19_11-34-26.jpg",
      "sharpness": 1016.9457246888705,
      "transform_matrix": [
        [
          -0.7845388941107225,
          0.0924553750278684,
          0.6131482098276592,
          2.453114308691965
        ],
        [
          0.618094504438221,
          0.19566152881925925,
          0.7613644000893076,
          2.9773030925069777
        ],
        [
          -0.049577284984546915,
          0.9763035233619481,
          -0.210650238650375,
          -0.8965816817133161
        ],
        [
          0.0,
          0.0,
          0.0,
          1.0
        ]
      ]
    },
    {
      "file_path": "images/photo_2024-03-19_11-35-06.jpg",
      "sharpness": 1956.5255544470785,
      "transform_matrix": [
        [
          0.9647736817481027,
          -0.1651439736319569,
          -0.20479065149107845,
          -0.8482716427243512
        ],
        [
          -0.24440259053212113,
          -0.2745379687337192,
          -0.9299979986347939,
          -3.812779783413796
        ],
        [
          0.09736075548830156,
          0.9472889589024377,
          -0.30522862184129446,
          -1.267786554947391
        ],
        [
          0.0,
          0.0,
          0.0,
          1.0
        ]
      ]
    },
    {
      "file_path": "images/photo_2024-03-19_11-34-39.jpg",
      "sharpness": 545.4970827426439,
      "transform_matrix": [
        [
          -0.9814917987711825,
          -0.04273932172481046,
          0.18667404555077832,
          0.8149050238385027
        ],
        [
          0.16483819364613425,
          0.30763553159815665,
          0.9371172549973507,
          3.655890790211969
        ],
        [
          -0.09747932509379542,
          0.9505439127360693,
          -0.294896678683425,
          -1.0547477458525836
        ],
        [
          0.0,
          0.0,
          0.0,
          1.0
        ]
      ]
    },
    {
      "file_path": "images/photo_2024-03-19_11-35-02.jpg",
      "sharpness": 3492.4256832793317,
      "transform_matrix": [
        [
          0.9723306945338346,
          -0.036639934700662874,
          0.23071743673022235,
          0.9613354773980115
        ],
        [
          0.21085843051685835,
          -0.28747208559446336,
          -0.9342903843473437,
          -3.800437262579596
        ],
        [
          0.10055716139378967,
          0.9570879349105434,
          -0.27179209351993255,
          -1.101754675674385
        ],
        [
          0.0,
          0.0,
          0.0,
          1.0
        ]
      ]
    },
    {
      "file_path": "images/photo_2024-03-19_11-34-37.jpg",
      "sharpness": 669.7923087497238,
      "transform_matrix": [
        [
          -0.9110841617332625,
          0.004683615247621314,
          0.41219378203205964,
          1.5991359431481207
        ],
        [
          0.3954612897412116,
          0.2921509274820775,
          0.8707802270880696,
          3.43868950596234
        ],
        [
          -0.1163443961740949,
          0.9563607579161398,
          -0.2680262713910796,
          -0.9798086626414516
        ],
        [
          0.0,
          0.0,
          0.0,
          1.0
        ]
      ]
    },
    {
      "file_path": "images/photo_2024-03-19_11-35-15.jpg",
      "sharpness": 899.093208917387,
      "transform_matrix": [
        [
          0.6464144592791482,
          -0.2431415458718148,
          -0.7232085006862077,
          -3.062131073644282
        ],
        [
          -0.7612290019197068,
          -0.14122114331837876,
          -0.6329194224513476,
          -2.666940152892089
        ],
        [
          0.05175667546264018,
          0.9596555513883684,
          -0.2763737852861493,
          -1.2333083068260446
        ],
        [
          0.0,
          0.0,
          0.0,
          1.0
        ]
      ]
    },
    {
      "file_path": "images/photo_2024-03-19_11-34-29.jpg",
      "sharpness": 1067.0255462572964,
      "transform_matrix": [
        [
          -0.8508674409585755,
          0.046325915283552135,
          0.5233340304706243,
          2.0415062298407824
        ],
        [
          0.5188667221609529,
          0.2304635542057422,
          0.8232034225006454,
          3.2229185704335648
        ],
        [
          -0.08247376868718131,
          0.9719776024770382,
          -0.2201309104155405,
          -0.9475538274757939
        ],
        [
          0.0,
          0.0,
          0.0,
          1.0
        ]
      ]
    },
    {
      "file_path": "images/photo_2024-03-19_11-34-52.jpg",
      "sharpness": 4174.002028182939,
      "transform_matrix": [
        [
          0.7868497293437721,
          0.05523395430511728,
          0.614667970275282,
          2.4876887498031333
        ],
        [
          0.6097768593939772,
          -0.22302335723034877,
          -0.7605476736387355,
          -3.060847468008017
        ],
        [
          0.0950772588601326,
          0.9732470356402066,
          -0.20916625546212414,
          -0.9628215270639757
        ],
        [
          0.0,
          0.0,
          0.0,
          1.0
        ]
      ]
    },
    {
      "file_path": "images/photo_2024-03-19_11-34-32.jpg",
      "sharpness": 1067.0255462572964,
      "transform_matrix": [
        [
          -0.8508673124222251,
          0.04632774726827869,
          0.5233340772807639,
          2.041504354264468
        ],
        [
          0.5188669607390259,
          0.23046600703657136,
          0.8232025854272058,
          3.222914506113338
        ],
        [
          -0.08247359380880104,
          0.9719769335713062,
          -0.22013392943486643,
          -0.9475642047463747
        ],
        [
          0.0,
          0.0,
          0.0,
          1.0
        ]
      ]
    },
    {
      "file_path": "images/photo_2024-03-19_11-35-10.jpg",
      "sharpness": 769.6914062488651,
      "transform_matrix": [
        [
          0.771843148775564,
          -0.24985796330326976,
          -0.5846615703302608,
          -2.5019232747631492
        ],
        [
          -0.6316157766111834,
          -0.195827688640618,
          -0.750142004621455,
          -3.234223667099888
        ],
        [
          0.07293602950817962,
          0.9482734386746996,
          -0.3089624913520988,
          -1.408676470522946
        ],
        [
          0.0,
          0.0,
          0.0,
          1.0
        ]
      ]
    },
    {
      "file_path": "images/photo_2024-03-19_11-34-34.jpg",
      "sharpness": 1104.765082264623,
      "transform_matrix": [
        [
          -0.7130871640232224,
          0.09837633869371656,
          0.6941388855621182,
          2.782488149232005
        ],
        [
          0.6986080288444996,
          0.18270391607742487,
          0.6917847216323492,
          2.703309904683496
        ],
        [
          -0.058766644615376215,
          0.9782338038502754,
          -0.1990103174313438,
          -0.8549254322946708
        ],
        [
          0.0,
          0.0,
          0.0,
          1.0
        ]
      ]
    },
    {
      "file_path": "images/photo_2024-03-19_11-34-59.jpg",
      "sharpness": 2207.588798257519,
      "transform_matrix": [
        [
          0.9952044702513401,
          -0.0971356808294343,
          0.01152049740393751,
          -0.02355950772663378
        ],
        [
          -0.018645918110814584,
          -0.3040040410737429,
          -0.9524882533389109,
          -3.85667867710078
        ],
        [
          0.09602287273609042,
          0.9477057573335854,
          -0.3043573646014448,
          -1.201995557745883
        ],
        [
          0.0,
          0.0,
          0.0,
          1.0
        ]
      ]
    },
    {
      "file_path": "images/photo_2024-03-19_11-34-19.jpg",
      "sharpness": 1329.267355782949,
      "transform_matrix": [
        [
          -0.5673504406521107,
          0.11628534110885522,
          0.8152246297149855,
          3.3520542905647313
        ],
        [
          0.8222043229635196,
          0.13499987180088205,
          0.5529512509379253,
          2.1983416016483925
        ],
        [
          -0.045755095668559814,
          0.9839983506167634,
          -0.172202546911197,
          -0.799087933029876
        ],
        [
          0.0,
          0.0,
          0.0,
          1.0
        ]
      ]
    },
    {
      "file_path": "images/photo_2024-03-19_11-35-04.jpg",
      "sharpness": 5262.145808108859,
      "transform_matrix": [
        [
          0.8965551243587473,
          0.0030158521916279213,
          0.44292190460679626,
          1.8411074332256454
        ],
        [
          0.4270434656832099,
          -0.27131583162765066,
          -0.862566865770672,
          -3.4886722957748577
        ],
        [
          0.11757035072193589,
          0.962485648779054,
          -0.24453749913732625,
          -1.0287400971787588
        ],
        [
          0.0,
          0.0,
          0.0,
          1.0
        ]
      ]
    },
    {
      "file_path": "images/photo_2024-03-19_11-34-21.jpg",
      "sharpness": 1019.8558013965171,
      "transform_matrix": [
        [
          -0.6313932505457592,
          0.10113373093469746,
          0.7688397307575688,
          3.1011220579678502
        ],
        [
          0.7736952797647997,
          0.14905974032556235,
          0.6157733413226938,
          2.4446178848508175
        ],
        [
          -0.05232759520060962,
          0.9836428021599295,
          -0.1723620042188422,
          -0.8232968563154972
        ],
        [
          0.0,
          0.0,
          0.0,
          1.0
        ]
      ]
    },
    {
      "file_path": "images/photo_2024-03-19_11-35-21.jpg",
      "sharpness": 660.4794769247536,
      "transform_matrix": [
        [
          -0.1426504761128314,
          -0.28852495714209025,
          -0.9467862434202445,
          -3.410149522193554
        ],
        [
          -0.9897510130316586,
          0.035188335170782875,
          0.1384005537224597,
          0.5004787412748302
        ],
        [
          -0.006616182162656314,
          0.9568255484324153,
          -0.29058750138203027,
          -1.004764515344205
        ],
        [
          0.0,
          0.0,
          0.0,
          1.0
        ]
      ]
    },
    {
      "file_path": "images/photo_2024-03-19_11-34-16.jpg",
      "sharpness": 1071.3930803009976,
      "transform_matrix": [
        [
          -0.49451697722491617,
          0.1078881131435,
          0.8624460065636279,
          3.569797540640714
        ],
        [
          0.8675988331237758,
          0.12086976734372815,
          0.48235128703519214,
          1.9475344499686453
        ],
        [
          -0.052203677929307565,
          0.9867880493520551,
          -0.15337575305592568,
          -0.7738979803608652
        ],
        [
          0.0,
          0.0,
          0.0,
          1.0
        ]
      ]
    },
    {
      "file_path": "images/photo_2024-03-19_11-35-07.jpg",
      "sharpness": 1516.411843444653,
      "transform_matrix": [
        [
          0.8671862570752809,
          -0.2172864742982346,
          -0.4480787693985171,
          -1.9098399280987894
        ],
        [
          -0.4915138689548566,
          -0.22889286477457163,
          -0.8402512559230649,
          -3.5694920361628286
        ],
        [
          0.0800131997518953,
          0.9488912711703229,
          -0.30529206232898454,
          -1.359409515516979
        ],
        [
          0.0,
          0.0,
          0.0,
          1.0
        ]
      ]
    },
    {
      "file_path": "images/photo_2024-03-19_11-34-12.jpg",
      "sharpness": 245.77393815735252,
      "transform_matrix": [
        [
          -0.36206159163720186,
          0.10118126878331289,
          0.926646510092936,
          3.860970163110545
        ],
        [
          0.9314071210541663,
          0.07905982330556703,
          0.35528906426803114,
          1.4568557237530948
        ],
        [
          -0.037311911047192496,
          0.9917216823007271,
          -0.12286547972264264,
          -0.7389306061972012
        ],
        [
          0.0,
          0.0,
          0.0,
          1.0
        ]
      ]
    },
    {
      "file_path": "images/photo_2024-03-19_11-35-18.jpg",
      "sharpness": 2383.7384117661036,
      "transform_matrix": [
        [
          -0.4412585193964944,
          -0.30880443746895003,
          -0.8425738771279234,
          -3.0570249459012464
        ],
        [
          -0.8966514396914941,
          0.11389374076114113,
          0.4278368982621479,
          1.5310785240657283
        ],
        [
          -0.036154041962585745,
          0.9442817562435408,
          -0.3271465268564454,
          -0.9561042448898392
        ],
        [
          0.0,
          0.0,
          0.0,
          1.0
        ]
      ]
    },
    {
      "file_path": "images/photo_2024-03-19_11-33-48.jpg",
      "sharpness": 1123.963561141957,
      "transform_matrix": [
        [
          -0.057606523892318004,
          0.20525155168696033,
          0.97701243026587,
          4.15780562173974
        ],
        [
          0.9980644971465642,
          0.03480331584665593,
          0.051536285679365176,
          0.12144213150181213
        ],
        [
          -0.023425369592779806,
          0.9780902461915575,
          -0.20685918476885018,
          -0.7072196496067502
        ],
        [
          0.0,
          0.0,
          0.0,
          1.0
        ]
      ]
    },
    {
      "file_path": "images/photo_2024-03-19_11-35-13.jpg",
      "sharpness": 2639.104240375424,
      "transform_matrix": [
        [
          0.4380979804098146,
          -0.2917469882706013,
          -0.8502669312367485,
          -3.4665794922818067
        ],
        [
          -0.8973986213340235,
          -0.08680556377382566,
          -0.43259739773335726,
          -1.645358169184551
        ],
        [
          0.05240108759815992,
          0.9525484181352946,
          -0.2998426872300398,
          -1.0756562313578262
        ],
        [
          0.0,
          0.0,
          0.0,
          1.0
        ]
      ]
    },
    {
      "file_path": "images/photo_2024-03-19_11-34-10.jpg",
      "sharpness": 1345.890981217277,
      "transform_matrix": [
        [
          -0.43804943594020446,
          0.12106988858132835,
          0.8907607836620649,
          3.7339633953907887
        ],
        [
          0.8983863354590779,
          0.09407096797489022,
          0.4290135723315137,
          1.6883518086766576
        ],
        [
          -0.03185410375110824,
          0.9881764695753308,
          -0.149975267996768,
          -0.7602479868832881
        ],
        [
          0.0,
          0.0,
          0.0,
          1.0
        ]
      ]
    },
    {
      "file_path": "images/photo_2024-03-19_11-35-24.jpg",
      "sharpness": 3129.058189763384,
      "transform_matrix": [
        [
          -0.4822470616170598,
          -0.33836468185591273,
          -0.8080514300421358,
          -2.752532043716627
        ],
        [
          -0.8561008968540953,
          -0.01362642349382109,
          0.5166290496946054,
          1.9245802586910712
        ],
        [
          -0.18581987502797964,
          0.9409163951245444,
          -0.28310300491035284,
          -0.762945496460952
        ],
        [
          0.0,
          0.0,
          0.0,
          1.0
        ]
      ]
    },
    {
      "file_path": "images/photo_2024-03-19_11-33-43.jpg",
      "sharpness": 2387.0944928754593,
      "transform_matrix": [
        [
          0.026057847420085427,
          0.22386137298045988,
          0.9742725872331712,
          4.229525691721873
        ],
        [
          0.999303167557016,
          0.020220832184031846,
          -0.03137351201683344,
          -0.1271395080563537
        ],
        [
          -0.026723919963251762,
          0.9744112086752442,
          -0.22317846775327735,
          -0.7026974820000833
        ],
        [
          0.0,
          0.0,
          0.0,
          1.0
        ]
      ]
    },
    {
      "file_path": "images/photo_2024-03-19_11-34-13.jpg",
      "sharpness": 1385.7425368815107,
      "transform_matrix": [
        [
          -0.30348525514370006,
          0.13721049089197013,
          0.9429050753169326,
          3.945462780657648
        ],
        [
          0.9525449161320328,
          0.06815344624266896,
          0.2966703397986336,
          1.153019182297051
        ],
        [
          -0.023555947405694243,
          0.988194509655592,
          -0.15138272156100546,
          -0.7259803551148123
        ],
        [
          0.0,
          0.0,
          0.0,
          1.0
        ]
      ]
    },
    {
      "file_path": "images/photo_2024-03-19_11-34-07.jpg",
      "sharpness": 1394.3635102632834,
      "transform_matrix": [
        [
          -0.24080536379765777,
          0.14247491299877826,
          0.9600592043677052,
          3.999578896257698
        ],
        [
          0.9705015433284403,
          0.047384926177847765,
          0.23639251927293708,
          0.9538744282223414
        ],
        [
          -0.011812330908353284,
          0.9886635261280968,
          -0.1496826673376812,
          -0.7227827200817731
        ],
        [
          0.0,
          0.0,
          0.0,
          1.0
        ]
      ]
    },
    {
      "file_path": "images/photo_2024-03-19_11-34-05.jpg",
      "sharpness": 845.5722049136641,
      "transform_matrix": [
        [
          -0.19017197648632977,
          0.13429703190291215,
          0.97252194141841,
          4.033538275013958
        ],
        [
          0.9816820330978007,
          0.037736352868840216,
          0.18675211796683214,
          0.7447741140051953
        ],
        [
          -0.011619176009526638,
          0.9902223360706057,
          -0.13901338012790374,
          -0.7278919736426318
        ],
        [
          0.0,
          0.0,
          0.0,
          1.0
        ]
      ]
    }
  ]
}