{
  "camera_angle_x": 0.7766395722381486,
  "camera_angle_y": 1.2400636709671338,
  "fl_x": 879.9973182744066,
  "fl_y": 896.4124427880307,
  "k1": 0.03725287765624252,
  "k2": -0.020638026989568948,
  "k3": 0,
  "k4": 0,
  "p1": 0.0021688207186210872,
  "p2": -0.005422697305770943,
  "is_fisheye": false,
  "cx": 351.1408019510433,
  "cy": 646.5743626477268,
  "w": 720.0,
  "h": 1280.0,
  "aabb_scale": 16,
  "frames": [
    {
      "file_path": "images/photo_2024-03-19_11-36-01.jpg",
      "sharpness": 1381.9176608374275,
      "transform_matrix": [
        [
          -0.9574174411622328,
          -0.03923977172174706,
          0.28602811697755126,
          1.218053740119741
        ],
        [
          0.28864838521891834,
          -0.11010578541956742,
          0.9510829752065177,
          4.059036945415322
        ],
        [
          -0.005826928363650646,
          0.9931449825479657,
          0.1167436960774014,
          0.4054428770191868
        ],
        [
          0.0,
          0.0,
          0.0,
          1.0
        ]
      ]
    },
    {
      "file_path": "images/photo_2024-03-19_11-35-58.jpg",
      "sharpness": 244.84690962725978,
      "transform_matrix": [
        [
          -0.8865909924145803,
          -0.08146141479742709,
          0.4553245546823357,
          1.91010472773553
        ],
        [
          0.46229481976440456,
          -0.12308926328484378,
          0.8781415221267135,
          3.5574512595039782
        ],
        [
          -0.015489086793459977,
          0.9890465465239515,
          0.14678902216281925,
          0.4139160089608625
        ],
        [
          0.0,
          0.0,
          0.0,
          1.0
        ]
      ]
    },
    {
      "file_path": "images/photo_2024-03-19_11-36-12.jpg",
      "sharpness": 2305.6812113795795,
      "transform_matrix": [
        [
          -0.13784674054873292,
          -0.1716805721429212,
          0.9754609460644263,
          3.3433632313179475
        ],
        [
          0.9878870594348327,
          0.04702211131219035,
          0.14787859496551226,
          0.723316217548731
        ],
        [
          -0.0712561149779064,
          0.9840298279140283,
          0.16311917079825497,
          0.5638004036741077
        ],
        [
          0.0,
          0.0,
          0.0,
          1.0
        ]
      ]
    },
    {
      "file_path": "images/photo_2024-03-19_11-36-17.jpg",
      "sharpness": 2728.357218863158,
      "transform_matrix": [
        [
          -0.26061679260943355,
          -0.2083180311946029,
          0.9426995732031028,
          3.289833093913148
        ],
        [
          0.9626049036178937,
          0.018737646674182297,
          0.2702604301926751,
          1.2611895538107876
        ],
        [
          -0.0739640922501267,
          0.9778816382898629,
          0.19564461296267596,
          0.5277476649316548
        ],
        [
          0.0,
          0.0,
          0.0,
          1.0
        ]
      ]
    },
    {
      "file_path": "images/photo_2024-03-19_11-35-27.jpg",
      "sharpness": 2299.088074321689,
      "transform_matrix": [
        [
          0.49260166643132514,
          0.2497945988736731,
          -0.8336343662726231,
          -3.086960680084083
        ],
        [
          -0.86833035247502,
          0.20475333664539813,
          -0.4517504511378091,
          -1.9248541364410365
        ],
        [
          0.05784459530362171,
          0.9464030481423845,
          0.31776606692523,
          1.2789723631112402
        ],
        [
          0.0,
          0.0,
          0.0,
          1.0
        ]
      ]
    },
    {
      "file_path": "images/photo_2024-03-19_11-35-56.jpg",
      "sharpness": 415.2375313317085,
      "transform_matrix": [
        [
          -0.851918482909867,
          -0.0931840931300613,
          0.5153170124226589,
          2.0306060592012463
        ],
        [
          0.5232432380271962,
          -0.11154353528519956,
          0.8448517938638261,
          3.429921621966722
        ],
        [
          -0.02124646688227569,
          0.9893810007026833,
          0.1437839459805716,
          0.41651494050331495
        ],
        [
          0.0,
          0.0,
          0.0,
          1.0
        ]
      ]
    },
    {
      "file_path": "images/photo_2024-03-19_11-35-44.jpg",
      "sharpness": 3456.7346367826094,
      "transform_matrix": [
        [
          -0.4791216347697478,
          0.1906076040306705,
          -0.856802894725144,
          -3.9708673223050908
        ],
        [
          -0.8724607391261674,
          0.0035679148116080136,
          0.48867118665555476,
          2.1615896148042473
        ],
        [
          0.09620144378595831,
          0.9816598246326224,
          0.1645881859184101,
          0.9143889574107372
        ],
        [
          0.0,
          0.0,
          0.0,
          1.0
        ]
      ]
    },
    {
      "file_path": "images/photo_2024-03-19_11-35-42.jpg",
      "sharpness": 2663.43801924622,
      "transform_matrix": [
        [
          -0.7555832809178241,
          0.13522989071462482,
          -0.6409421052504682,
          -3.0548359228570416
        ],
        [
          -0.6493415368019914,
          -0.025700970981412358,
          0.7600625162934103,
          3.4277719238958917
        ],
        [
          0.08631033656683293,
          0.9904808613880758,
          0.10722960903510928,
          0.7076591288282539
        ],
        [
          0.0,
          0.0,
          0.0,
          1.0
        ]
      ]
    },
    {
      "file_path": "images/photo_2024-03-19_11-36-18.jpg",
      "sharpness": 2625.0912033151685,
      "transform_matrix": [
        [
          -0.07787075007762655,
          -0.1583675621961959,
          0.9843047605058699,
          3.3703999678455068
        ],
        [
          0.9930901195628895,
          0.07462367040147662,
          0.09057219353868223,
          0.4055404916880792
        ],
        [
          -0.08779613151607758,
          0.9845562569441285,
          0.15146226008859498,
          0.6039624594051675
        ],
        [
          0.0,
          0.0,
          0.0,
          1.0
        ]
      ]
    },
    {
      "file_path": "images/photo_2024-03-19_11-36-05.jpg",
      "sharpness": 1410.7767119589814,
      "transform_matrix": [
        [
          -0.5161103776368265,
          -0.23229960856356452,
          0.8244191712866236,
          2.793375194173571
        ],
        [
          0.8484152174401683,
          -0.006535953292197831,
          0.5292909409110876,
          2.265260289628078
        ],
        [
          -0.11756571319316461,
          0.9726223178623569,
          0.20045979623257554,
          0.4763515591490918
        ],
        [
          0.0,
          0.0,
          0.0,
          1.0
        ]
      ]
    },
    {
      "file_path": "images/photo_2024-03-19_11-36-03.jpg",
      "sharpness": 230.64816749101777,
      "transform_matrix": [
        [
          -0.7663756650690774,
          -0.17459870257675808,
          0.6182100234358694,
          2.374832908851448
        ],
        [
          0.6371310389819865,
          -0.08367144779284127,
          0.7662004489622901,
          3.020599803358745
        ],
        [
          -0.08205107660161991,
          0.9810781731904746,
          0.17536601422716808,
          0.4439866746799278
        ],
        [
          0.0,
          0.0,
          0.0,
          1.0
        ]
      ]
    },
    {
      "file_path": "images/photo_2024-03-19_11-35-36.jpg",
      "sharpness": 2323.113427670156,
      "transform_matrix": [
        [
          0.36747769790213314,
          0.3307514496204366,
          -0.8692316262922465,
          -3.1812533403066916
        ],
        [
          -0.9282049227642734,
          0.18899185613752964,
          -0.3204960213011867,
          -1.480714984872616
        ],
        [
          0.05827317482346539,
          0.9246002146414121,
          0.3764554159647792,
          1.2399334276762073
        ],
        [
          0.0,
          0.0,
          0.0,
          1.0
        ]
      ]
    },
    {
      "file_path": "images/photo_2024-03-19_11-35-50.jpg",
      "sharpness": 2812.221963932318,
      "transform_matrix": [
        [
          -0.9962020849677253,
          0.025569358124266278,
          -0.08323228856162643,
          -0.38886551819765414
        ],
        [
          -0.08520826985737176,
          -0.08960313679760043,
          0.9923259689355984,
          4.476968427778348
        ],
        [
          0.017915263937758996,
          0.9956492785258673,
          0.09144155246455016,
          0.43664553006225104
        ],
        [
          0.0,
          0.0,
          0.0,
          1.0
        ]
      ]
    },
    {
      "file_path": "images/photo_2024-03-19_11-35-32.jpg",
      "sharpness": 1899.5324904396048,
      "transform_matrix": [
        [
          0.21888720169928183,
          0.29038693192530723,
          -0.9315384172042507,
          -3.393978750711587
        ],
        [
          -0.9739424964419509,
          0.12310631097198584,
          -0.19047532602234757,
          -1.0852462360150388
        ],
        [
          0.05936671253959587,
          0.9489574626892819,
          0.3097665693336322,
          1.219977355674678
        ],
        [
          0.0,
          0.0,
          0.0,
          1.0
        ]
      ]
    },
    {
      "file_path": "images/photo_2024-03-19_11-35-48.jpg",
      "sharpness": 3460.307179819317,
      "transform_matrix": [
        [
          -0.9357461353612186,
          0.08177055215778373,
          -0.34306376518730675,
          -1.60178530631977
        ],
        [
          -0.34817441349809314,
          -0.0592962832367737,
          0.9355525258260992,
          4.292243038270648
        ],
        [
          0.05615824042058873,
          0.9948856857057369,
          0.08395668191904675,
          0.532162390460783
        ],
        [
          0.0,
          0.0,
          0.0,
          1.0
        ]
      ]
    },
    {
      "file_path": "images/photo_2024-03-19_11-36-09.jpg",
      "sharpness": 2345.3326182471283,
      "transform_matrix": [
        [
          -0.24497823916771108,
          -0.1968496725943622,
          0.9493344346234979,
          3.2732438234331576
        ],
        [
          0.9665818866084723,
          0.026695107779598472,
          0.2549643655514879,
          1.1956954870279246
        ],
        [
          -0.07553223693319813,
          0.9800701901640841,
          0.18373160741628042,
          0.53271981012136
        ],
        [
          0.0,
          0.0,
          0.0,
          1.0
        ]
      ]
    },
    {
      "file_path": "images/photo_2024-03-19_11-35-53.jpg",
      "sharpness": 2605.998091556761,
      "transform_matrix": [
        [
          -0.9739064487713045,
          -0.049034800177844506,
          0.22158929902258728,
          0.8617562710662047
        ],
        [
          0.22610988395309367,
          -0.12571789676672876,
          0.9659551391298148,
          4.317767230372903
        ],
        [
          -0.01950767660885916,
          0.9908534699095535,
          0.1335247233649578,
          0.3987227504800286
        ],
        [
          0.0,
          0.0,
          0.0,
          1.0
        ]
      ]
    },
    {
      "file_path": "images/photo_2024-03-19_11-36-15.jpg",
      "sharpness": 2305.6812113795795,
      "transform_matrix": [
        [
          -0.13784887591153575,
          -0.17168038009542885,
          0.9754606781046332,
          3.3433649450491663
        ],
        [
          0.9878870397345636,
          0.047017941875254245,
          0.14788005229349402,
          0.7233156953736002
        ],
        [
          -0.07125225705099869,
          0.9840300606486537,
          0.16311945203780023,
          0.5638019144656918
        ],
        [
          0.0,
          0.0,
          0.0,
          1.0
        ]
      ]
    },
    {
      "file_path": "images/photo_2024-03-19_11-36-07.jpg",
      "sharpness": 332.5070357490246,
      "transform_matrix": [
        [
          -0.8632507799127911,
          -0.11238347124573442,
          0.49210572685029147,
          2.1486092128234273
        ],
        [
          0.5030586818744887,
          -0.11120842833757298,
          0.857067469956374,
          3.288501507267095
        ],
        [
          -0.04159391290655663,
          0.9874222201699168,
          0.15253624340464428,
          0.42645122442350947
        ],
        [
          0.0,
          0.0,
          0.0,
          1.0
        ]
      ]
    },
    {
      "file_path": "images/photo_2024-03-19_11-35-40.jpg",
      "sharpness": 2459.2918325612286,
      "transform_matrix": [
        [
          0.013327697359293633,
          0.209299000675514,
          -0.9777608607565895,
          -3.7512467609052154
        ],
        [
          -0.9950452280741188,
          0.09912809667831428,
          0.007656013054496431,
          -0.22170073206334026
        ],
        [
          0.09852596901481576,
          0.9728142416685178,
          0.20958312113518335,
          1.1625489856986164
        ],
        [
          0.0,
          0.0,
          0.0,
          1.0
        ]
      ]
    },
    {
      "file_path": "images/photo_2024-03-19_11-35-47.jpg",
      "sharpness": 3249.78473664592,
      "transform_matrix": [
        [
          -0.4593180396214358,
          0.17568869257328099,
          -0.870724079033277,
          -4.100919948715557
        ],
        [
          -0.8833381902643482,
          0.01282870784979659,
          0.46856063201622183,
          2.0428114596017175
        ],
        [
          0.09349106965794136,
          0.9843621831343183,
          0.1493000748071468,
          0.9321572275237232
        ],
        [
          0.0,
          0.0,
          0.0,
          1.0
        ]
      ]
    }
  ]
}