{
  "camera_angle_x": 0.6954799205581954,
  "camera_angle_y": 0.6929753945847466,
  "fl_x": 1103.5413656525566,
  "fl_y": 1107.8697526279361,
  "k1": 0.055198876332864334,
  "k2": -1.8780530545942464,
  "k3": 0,
  "k4": 0,
  "p1": 0.03995460879848617,
  "p2": -0.04036205876664026,
  "is_fisheye": false,
  "cx": 442.4583151023835,
  "cy": 372.81512559068534,
  "w": 800.0,
  "h": 800.0,
  "aabb_scale": 16,
  "frames": [
    {
      "file_path": "images/r_23.png",
      "sharpness": 696.867453125,
      "transform_matrix": [
        [
          0.05115158204954813,
          -0.1388128842805088,
          0.9889967131840088,
          3.9293689784356887
        ],
        [
          0.9983505638799889,
          0.03295859074686222,
          -0.04700939156805364,
          -0.09642604774170123
        ],
        [
          -0.026070428687990248,
          0.9897700310326034,
          0.14026980535407918,
          0.6199138130959765
        ],
        [
          0.0,
          0.0,
          0.0,
          1.0
        ]
      ]
    },
    {
      "file_path": "images/r_72.png",
      "sharpness": 794.928875,
      "transform_matrix": [
        [
          -0.1736597410229081,
          0.21614836812776744,
          0.9607924735242143,
          4.023141906304954
        ],
        [
          0.9847884453658434,
          0.04389231765572335,
          0.16812252176268266,
          0.17661229605893294
        ],
        [
          -0.005831999724624077,
          0.9753734399105399,
          -0.22048274393389605,
          -0.9976203627611795
        ],
        [
          0.0,
          0.0,
          0.0,
          1.0
        ]
      ]
    },
    {
      "file_path": "images/r_35.png",
      "sharpness": 617.3673875,
      "transform_matrix": [
        [
          -0.014655573035078764,
          0.07906244208098162,
          0.9967619296042679,
          3.967057999594185
        ],
        [
          0.9998919989593699,
          6.460741057914138e-05,
          0.014696470393528026,
          0.16550046057438397
        ],
        [
          0.0010975406320475507,
          0.99686966347382,
          -0.07905485011358648,
          -0.3129576627839837
        ],
        [
          0.0,
          0.0,
          0.0,
          1.0
        ]
      ]
    },
    {
      "file_path": "images/r_40.png",
      "sharpness": 596.518815625,
      "transform_matrix": [
        [
          0.023583103928882493,
          0.09532952921481297,
          0.9951663770174212,
          3.966244852327003
        ],
        [
          0.9995372341092662,
          0.016882795949632476,
          -0.02530392912632741,
          -0.003303673384659878
        ],
        [
          -0.01921340253001795,
          0.9953025931529278,
          -0.09488726522882229,
          -0.38378273469201807
        ],
        [
          0.0,
          0.0,
          0.0,
          1.0
        ]
      ]
    },
    {
      "file_path": "images/r_45.png",
      "sharpness": 691.076109375,
      "transform_matrix": [
        [
          0.14387626778329363,
          -0.1761328522014497,
          0.973795069725325,
          3.8744945891460856
        ],
        [
          0.9868547638131212,
          0.09872540428159282,
          -0.12794909021909495,
          -0.4374103533216348
        ],
        [
          -0.07360227374918474,
          0.979403141103159,
          0.18802178696242533,
          0.8159889268949327
        ],
        [
          0.0,
          0.0,
          0.0,
          1.0
        ]
      ]
    },
    {
      "file_path": "images/r_9.png",
      "sharpness": 649.97530625,
      "transform_matrix": [
        [
          -0.1654440097368002,
          0.032589974340868466,
          0.9856805634138728,
          3.9021189423104397
        ],
        [
          0.9827765857056341,
          -0.07798819812922829,
          0.1675351412105588,
          0.8081511796689644
        ],
        [
          0.08233141702489641,
          0.9964214642419876,
          -0.019125983500305477,
          -0.04545057287737267
        ],
        [
          0.0,
          0.0,
          0.0,
          1.0
        ]
      ]
    },
    {
      "file_path": "images/r_54.png",
      "sharpness": 681.274790625,
      "transform_matrix": [
        [
          -0.10507697338061384,
          -0.02144156798853103,
          0.9942329147159539,
          3.9406648392268924
        ],
        [
          0.9930716669295393,
          -0.05514991288293202,
          0.10376488543770654,
          0.5390033706183656
        ],
        [
          0.05260697678599378,
          0.9982478380381672,
          0.027087999591896672,
          0.14836536793403257
        ],
        [
          0.0,
          0.0,
          0.0,
          1.0
        ]
      ]
    },
    {
      "file_path": "images/r_96.png",
      "sharpness": 631.1189,
      "transform_matrix": [
        [
          0.09889311257253222,
          -0.01719069807699458,
          0.9949495625721742,
          3.9674881546940277
        ],
        [
          0.9935708981481893,
          0.057078190704214896,
          -0.09776988543535858,
          -0.31028817628805433
        ],
        [
          -0.0551091882920281,
          0.9982216987835455,
          0.02272481726690223,
          0.11353760474239337
        ],
        [
          0.0,
          0.0,
          0.0,
          1.0
        ]
      ]
    },
    {
      "file_path": "images/r_94.png",
      "sharpness": 669.630428125,
      "transform_matrix": [
        [
          0.06073888286400675,
          -0.08106228257440956,
          0.9948566199857534,
          3.958276360013225
        ],
        [
          0.9976033187381163,
          0.03802386419987142,
          -0.05780834016917882,
          -0.14173164222358114
        ],
        [
          -0.03314221701072978,
          0.9959834797684708,
          0.0831775291543908,
          0.3750967881507644
        ],
        [
          0.0,
          0.0,
          0.0,
          1.0
        ]
      ]
    },
    {
      "file_path": "images/r_97.png",
      "sharpness": 701.499446875,
      "transform_matrix": [
        [
          -0.2926448112343497,
          0.011509969880178106,
          0.956151941339967,
          3.7648296399884726
        ],
        [
          0.9442136837530215,
          -0.15448766006214487,
          0.29085061853326283,
          1.3250599757232389
        ],
        [
          0.15106135794043768,
          0.9879276711182737,
          0.034342141056473485,
          0.19320925131865316
        ],
        [
          0.0,
          0.0,
          0.0,
          1.0
        ]
      ]
    }
  ]
}