{
  "camera_angle_x": 0.6900713478848745,
  "camera_angle_y": 0.6899467003378967,
  "fl_x": 1112.9263455861928,
  "fl_y": 1113.1442992415534,
  "k1": -0.06727341754004051,
  "k2": 0.4580295200952088,
  "k3": 0,
  "k4": 0,
  "p1": 0.0013587061417496867,
  "p2": -0.0011404677347726896,
  "is_fisheye": false,
  "cx": 397.6016252604606,
  "cy": 399.98742988275825,
  "w": 800.0,
  "h": 800.0,
  "aabb_scale": 16,
  "frames": [
    {
      "file_path": "images/r_56.png",
      "sharpness": 1597.149153125,
      "transform_matrix": [
        [
          0.17606027709128813,
          -0.2678116657226711,
          0.947248484081257,
          3.7887342607538605
        ],
        [
          0.9842099408376302,
          0.030037063263088123,
          -0.17443786053189012,
          -0.7070362849181884
        ],
        [
          0.018263931351931426,
          0.9630029525366048,
          0.26887123735764507,
          1.0752026839962772
        ],
        [
          0.0,
          0.0,
          0.0,
          1.0
        ]
      ]
    },
    {
      "file_path": "images/r_7.png",
      "sharpness": 651.787703125,
      "transform_matrix": [
        [
          0.3408506306949558,
          0.601522905105357,
          -0.7224894755284083,
          -2.8936678505258024
        ],
        [
          -0.940090632742218,
          0.2122767043174496,
          -0.26677369254572814,
          -1.059732928947111
        ],
        [
          -0.007102801776576517,
          0.7701355695561287,
          0.6378406970178819,
          2.5526550066064457
        ],
        [
          0.0,
          0.0,
          0.0,
          1.0
        ]
      ]
    },
    {
      "file_path": "images/r_68.png",
      "sharpness": 606.503075,
      "transform_matrix": [
        [
          0.5045073841739215,
          0.6698338612459204,
          -0.5447888560747367,
          -2.182482231113787
        ],
        [
          -0.8634027939484368,
          0.38934020287854504,
          -0.32085794648808574,
          -1.274247374895073
        ],
        [
          -0.0028133134574428176,
          0.632247423721021,
          0.7747614345889962,
          3.0976475616254104
        ],
        [
          0.0,
          0.0,
          0.0,
          1.0
        ]
      ]
    },
    {
      "file_path": "images/r_55.png",
      "sharpness": 1492.121484375,
      "transform_matrix": [
        [
          0.706418527842285,
          -0.45316498183305337,
          0.5437042972262031,
          2.1685234137702896
        ],
        [
          0.7073162400487566,
          0.42374833645060056,
          -0.5658101129519193,
          -2.2686981848596806
        ],
        [
          0.02601153808616785,
          0.7842696262421615,
          0.6198746270829689,
          2.4776937923499425
        ],
        [
          0.0,
          0.0,
          0.0,
          1.0
        ]
      ]
    },
    {
      "file_path": "images/r_59.png",
      "sharpness": 903.4862375,
      "transform_matrix": [
        [
          0.9997343599425634,
          -0.023037160286755898,
          0.0007062981010042685,
          -0.006555678825957388
        ],
        [
          0.0059948781921435775,
          0.23032309403598591,
          -0.9730957474931113,
          -3.893839035851963
        ],
        [
          0.022254685945424346,
          0.9728414884539387,
          0.23040001596586923,
          0.9216072125462272
        ],
        [
          0.0,
          0.0,
          0.0,
          1.0
        ]
      ]
    },
    {
      "file_path": "images/r_52.png",
      "sharpness": 1687.41033125,
      "transform_matrix": [
        [
          0.6540255831775906,
          -0.6984457438168598,
          0.29055822059301345,
          1.1573980454501083
        ],
        [
          0.7560573077549526,
          0.5908029931188239,
          -0.28165434616244944,
          -1.1333878450549975
        ],
        [
          0.025057612903051585,
          0.40388781401102236,
          0.9144652808006852,
          3.6564276972957837
        ],
        [
          0.0,
          0.0,
          0.0,
          1.0
        ]
      ]
    },
    {
      "file_path": "images/r_47.png",
      "sharpness": 1827.223715625,
      "transform_matrix": [
        [
          0.4807885434255931,
          -0.7588790547188689,
          0.43925500211214996,
          1.7535311426135842
        ],
        [
          0.8765168194499267,
          0.40243048873786325,
          -0.2641362658848922,
          -1.0642919173479009
        ],
        [
          0.02367787459115514,
          0.5120080879194853,
          0.8586542238996765,
          3.432875897865401
        ],
        [
          0.0,
          0.0,
          0.0,
          1.0
        ]
      ]
    },
    {
      "file_path": "images/r_41.png",
      "sharpness": 1658.45296875,
      "transform_matrix": [
        [
          -0.5665016409933117,
          -0.6851773345791183,
          0.45782956544088776,
          1.8372758091003436
        ],
        [
          0.8240535588998712,
          -0.46872361909992016,
          0.31817275333119643,
          1.2645170031182886
        ],
        [
          -0.0034092282187718204,
          0.5575214696526282,
          0.830155520429879,
          3.3197200526279254
        ],
        [
          0.0,
          0.0,
          0.0,
          1.0
        ]
      ]
    },
    {
      "file_path": "images/r_6.png",
      "sharpness": 985.19890625,
      "transform_matrix": [
        [
          -0.8759110772244245,
          0.10228122706057813,
          -0.47150645324044355,
          -1.878052455245476
        ],
        [
          -0.4815575449028729,
          -0.24549524515263826,
          0.8413289579912181,
          3.3689560611560427
        ],
        [
          -0.029700434144374288,
          0.9639868439225198,
          0.264286301228067,
          1.0584938778459436
        ],
        [
          0.0,
          0.0,
          0.0,
          1.0
        ]
      ]
    },
    {
      "file_path": "images/r_60.png",
      "sharpness": 913.861065625,
      "transform_matrix": [
        [
          -0.18536047011668735,
          0.3118358484694409,
          -0.9318797668091714,
          -3.730062901795216
        ],
        [
          -0.9824713896569252,
          -0.07790316059960913,
          0.16935485252630478,
          0.6865565175120554
        ],
        [
          -0.019785465003303887,
          0.946936904570997,
          0.3208099658629377,
          1.2865092948204946
        ],
        [
          0.0,
          0.0,
          0.0,
          1.0
        ]
      ]
    },
    {
      "file_path": "images/r_5.png",
      "sharpness": 1215.945153125,
      "transform_matrix": [
        [
          -0.9988831958092784,
          -0.04222391341791354,
          0.021201469910636955,
          0.09510759473737519
        ],
        [
          0.04109795463569898,
          -0.5551023462667392,
          0.8307661182871797,
          3.3217082080979106
        ],
        [
          -0.0233092109573958,
          0.8307096522533648,
          0.5562177221183401,
          2.224738456416392
        ],
        [
          0.0,
          0.0,
          0.0,
          1.0
        ]
      ]
    },
    {
      "file_path": "images/r_53.png",
      "sharpness": 1100.656253125,
      "transform_matrix": [
        [
          0.8183895156357317,
          0.4943550486359555,
          -0.2930045846851307,
          -1.1763079186619831
        ],
        [
          -0.5746237936299401,
          0.7099949921337158,
          -0.4070805902268072,
          -1.6231570179064867
        ],
        [
          0.006789442818335378,
          0.5015178930631599,
          0.8651206311634134,
          3.4562033190236203
        ],
        [
          0.0,
          0.0,
          0.0,
          1.0
        ]
      ]
    },
    {
      "file_path": "images/r_50.png",
      "sharpness": 1172.2135875,
      "transform_matrix": [
        [
          -0.9928681498828444,
          -0.004301152743150516,
          -0.11913998948358936,
          -0.46701911944523694
        ],
        [
          -0.11673527382532821,
          -0.16779561341456517,
          0.978885850323612,
          3.9160729653350095
        ],
        [
          -0.02420150517795422,
          0.9858124224532131,
          0.16609682400614006,
          0.6640022318071239
        ],
        [
          0.0,
          0.0,
          0.0,
          1.0
        ]
      ]
    },
    {
      "file_path": "images/r_4.png",
      "sharpness": 1516.9902,
      "transform_matrix": [
        [
          -0.8289072433077211,
          -0.5072578571618311,
          0.23580129007372758,
          0.9515890034125637
        ],
        [
          0.5592163485193328,
          -0.7410514118214222,
          0.3716448312383839,
          1.4804224119881142
        ],
        [
          -0.013778881800804665,
          0.43992302896254987,
          0.8979297695619701,
          3.5903017866011973
        ],
        [
          0.0,
          0.0,
          0.0,
          1.0
        ]
      ]
    },
    {
      "file_path": "images/r_39.png",
      "sharpness": 1510.843221875,
      "transform_matrix": [
        [
          -0.7571262624525436,
          -0.6221166722498519,
          0.19932553492782845,
          0.8053181132293497
        ],
        [
          0.6532070775344975,
          -0.716767562800597,
          0.24405895758148008,
          0.9700018029508625
        ],
        [
          -0.008963068649213202,
          0.31498429651993715,
          0.9490545592362472,
          3.796043826660795
        ],
        [
          0.0,
          0.0,
          0.0,
          1.0
        ]
      ]
    },
    {
      "file_path": "images/r_38.png",
      "sharpness": 1483.077203125,
      "transform_matrix": [
        [
          0.8720963298076131,
          -0.42021945710971836,
          0.25072614435546337,
          0.9955182870369323
        ],
        [
          0.48864359977077154,
          0.7206492700496776,
          -0.4918252352004259,
          -1.9707009395658726
        ],
        [
          0.025988920416647743,
          0.5514347082595574,
          0.8338131317046715,
          3.332171254017901
        ],
        [
          0.0,
          0.0,
          0.0,
          1.0
        ]
      ]
    },
    {
      "file_path": "images/r_49.png",
      "sharpness": 857.56940625,
      "transform_matrix": [
        [
          -0.3389565514921315,
          0.6353189685434331,
          -0.6938863483815794,
          -2.7746569115762494
        ],
        [
          -0.9404935809874033,
          -0.2477053722563351,
          0.23262388672891351,
          0.9394423665713151
        ],
        [
          -0.024089008454270422,
          0.7314450470279933,
          0.6814747705607189,
          2.7294731398220238
        ],
        [
          0.0,
          0.0,
          0.0,
          1.0
        ]
      ]
    },
    {
      "file_path": "images/r_45.png",
      "sharpness": 1291.154278125,
      "transform_matrix": [
        [
          0.9057666122984384,
          -0.30425248082481954,
          0.29498690143497114,
          1.172551328693612
        ],
        [
          0.42299178315744085,
          0.6067425434882753,
          -0.6730092401317325,
          -2.696164892354731
        ],
        [
          0.025783628055726815,
          0.7343663349257322,
          0.6782634375468786,
          2.712053961868988
        ],
        [
          0.0,
          0.0,
          0.0,
          1.0
        ]
      ]
    },
    {
      "file_path": "images/r_48.png",
      "sharpness": 1261.84711875,
      "transform_matrix": [
        [
          0.875817346531304,
          0.4502359582081191,
          -0.1738722448009876,
          -0.6997415378507492
        ],
        [
          -0.4825661817736112,
          0.8232962322501053,
          -0.2988531314395811,
          -1.1908084251862914
        ],
        [
          0.008593938040324267,
          0.34564562187000425,
          0.938325768788183,
          3.7395938757485254
        ],
        [
          0.0,
          0.0,
          0.0,
          1.0
        ]
      ]
    },
    {
      "file_path": "images/r_51.png",
      "sharpness": 795.303103125,
      "transform_matrix": [
        [
          0.10214465570832398,
          0.49101091413378517,
          -0.865144353025889,
          -3.4637056977506577
        ],
        [
          -0.9946740623726772,
          0.03836275041867622,
          -0.09566508779787171,
          -0.3746326914320653
        ],
        [
          -0.01378328531906254,
          0.8703083256194633,
          0.49231437056431415,
          1.9721748969747956
        ],
        [
          0.0,
          0.0,
          0.0,
          1.0
        ]
      ]
    },
    {
      "file_path": "images/r_43.png",
      "sharpness": 1142.526621875,
      "transform_matrix": [
        [
          -0.9942687000925092,
          0.052389177005624565,
          -0.09319402453954648,
          -0.36275271261264175
        ],
        [
          -0.10387257627206704,
          -0.67969061589213,
          0.7261068478996776,
          2.9065129084417425
        ],
        [
          -0.025302963757138253,
          0.7316256152115671,
          0.6812369039124926,
          2.7271036095162207
        ],
        [
          0.0,
          0.0,
          0.0,
          1.0
        ]
      ]
    },
    {
      "file_path": "images/r_32.png",
      "sharpness": 1387.577609375,
      "transform_matrix": [
        [
          -0.5330949769470176,
          -0.14405432042264887,
          0.8337014443925833,
          3.3414065643229707
        ],
        [
          0.8460553934306493,
          -0.09091890268071989,
          0.5252847079272993,
          2.093423987166499
        ],
        [
          0.0001296888586281575,
          0.9853842428023922,
          0.17034634506919558,
          0.6813458963412118
        ],
        [
          0.0,
          0.0,
          0.0,
          1.0
        ]
      ]
    },
    {
      "file_path": "images/r_40.png",
      "sharpness": 1040.34208125,
      "transform_matrix": [
        [
          0.938397715482199,
          0.25793803440513285,
          -0.229951512380021,
          -0.9267278401593165
        ],
        [
          -0.345296699923935,
          0.7257611743865722,
          -0.5950133668874076,
          -2.376897022006263
        ],
        [
          0.013413301377174225,
          0.6377606825358537,
          0.770117780094996,
          3.0802411416209234
        ],
        [
          0.0,
          0.0,
          0.0,
          1.0
        ]
      ]
    },
    {
      "file_path": "images/r_36.png",
      "sharpness": 1077.163128125,
      "transform_matrix": [
        [
          0.2925500028183925,
          0.9501895551203512,
          -0.10749095427987992,
          -0.4398628303152996
        ],
        [
          -0.9559137665210109,
          0.2876118912879862,
          -0.05923065899841257,
          -0.22716932289268144
        ],
        [
          -0.025364676866400093,
          0.12008001242953908,
          0.992440136150923,
          3.9722772976595486
        ],
        [
          0.0,
          0.0,
          0.0,
          1.0
        ]
      ]
    },
    {
      "file_path": "images/r_46.png",
      "sharpness": 889.965934375,
      "transform_matrix": [
        [
          -0.21751071695955027,
          0.4477376839230756,
          -0.8673062057104135,
          -3.4666920868383557
        ],
        [
          -0.9758186878603404,
          -0.11942506250604035,
          0.18307250713303963,
          0.7408823356839603
        ],
        [
          -0.021609637495104965,
          0.8861538359115563,
          0.46288703020007155,
          1.85217370405079
        ],
        [
          0.0,
          0.0,
          0.0,
          1.0
        ]
      ]
    },
    {
      "file_path": "images/r_31.png",
      "sharpness": 1601.455696875,
      "transform_matrix": [
        [
          -0.3470921459432211,
          -0.30282924856422355,
          0.8875930872305224,
          3.553684558477965
        ],
        [
          0.9378184942087904,
          -0.11696950160152349,
          0.32682504129132045,
          1.2979574580733875
        ],
        [
          0.004849139372089778,
          0.9458396174664462,
          0.3245980652116617,
          1.2977898706952813
        ],
        [
          0.0,
          0.0,
          0.0,
          1.0
        ]
      ]
    },
    {
      "file_path": "images/r_37.png",
      "sharpness": 860.163128125,
      "transform_matrix": [
        [
          -0.31323074172398835,
          0.5388526029475627,
          -0.7820002396396875,
          -3.1283678230104517
        ],
        [
          -0.9493844880754124,
          -0.19811212173766846,
          0.24376357607815627,
          0.9836273478034574
        ],
        [
          -0.023571089200862996,
          0.8187731429254275,
          0.5736331094338785,
          2.2983594401427223
        ],
        [
          0.0,
          0.0,
          0.0,
          1.0
        ]
      ]
    },
    {
      "file_path": "images/r_42.png",
      "sharpness": 789.623228125,
      "transform_matrix": [
        [
          0.9010417973022218,
          0.20688903907005762,
          -0.38120939795327957,
          -1.533707101300376
        ],
        [
          -0.4335609079405021,
          0.45432793730765086,
          -0.7782101672990449,
          -3.1096691441847923
        ],
        [
          0.012190925747356862,
          0.8664773805140709,
          0.4990674608184492,
          1.9968386016355177
        ],
        [
          0.0,
          0.0,
          0.0,
          1.0
        ]
      ]
    },
    {
      "file_path": "images/r_1.png",
      "sharpness": 1336.727909375,
      "transform_matrix": [
        [
          -0.9500101466653965,
          -0.31221057583410217,
          0.002297309509423362,
          0.01883769617222098
        ],
        [
          0.31159635466087304,
          -0.9476253594968871,
          0.07009914265150562,
          0.27709569389065136
        ],
        [
          -0.019708704942960453,
          0.06731073006013946,
          0.9975373840759654,
          3.9902021407386594
        ],
        [
          0.0,
          0.0,
          0.0,
          1.0
        ]
      ]
    },
    {
      "file_path": "images/r_18.png",
      "sharpness": 1149.321728125,
      "transform_matrix": [
        [
          -0.9949129967807872,
          0.010561339630834499,
          -0.10018276799294024,
          -0.39082985603935877
        ],
        [
          -0.09769548396151768,
          -0.343719646753976,
          0.9339766575503222,
          3.7346206629116105
        ],
        [
          -0.024570740937708335,
          0.9390129192903692,
          0.34300293899094825,
          1.3717513823285716
        ],
        [
          0.0,
          0.0,
          0.0,
          1.0
        ]
      ]
    },
    {
      "file_path": "images/r_25.png",
      "sharpness": 1333.261628125,
      "transform_matrix": [
        [
          0.7790763465337599,
          -0.3551380466266151,
          0.5166401205584921,
          2.0595788699716278
        ],
        [
          0.6263737154536788,
          0.4062558375010964,
          -0.6652910363781118,
          -2.6659332497287185
        ],
        [
          0.026382094233361242,
          0.8419223018697772,
          0.5389534514028418,
          2.1545115303469218
        ],
        [
          0.0,
          0.0,
          0.0,
          1.0
        ]
      ]
    },
    {
      "file_path": "images/r_27.png",
      "sharpness": 747.204396875,
      "transform_matrix": [
        [
          0.0007504805140312477,
          0.6884649304689512,
          -0.7252692440426739,
          -2.9031333762215956
        ],
        [
          -0.9998661697435682,
          -0.011336154684197653,
          -0.011795516068688606,
          -0.03886784961561835
        ],
        [
          -0.016342563488233944,
          0.7251810333787245,
          0.6883642854675682,
          2.7572744825646565
        ],
        [
          0.0,
          0.0,
          0.0,
          1.0
        ]
      ]
    },
    {
      "file_path": "images/r_13.png",
      "sharpness": 981.728478125,
      "transform_matrix": [
        [
          -0.6584086305457746,
          0.28513677056610987,
          -0.6965594715132506,
          -2.7809720577241155
        ],
        [
          -0.7520767543272499,
          -0.2856840738714726,
          0.5939403720381479,
          2.382088561963435
        ],
        [
          -0.029641707923874216,
          0.9149216535110751,
          0.4025415967931678,
          1.611464244148894
        ],
        [
          0.0,
          0.0,
          0.0,
          1.0
        ]
      ]
    },
    {
      "file_path": "images/r_23.png",
      "sharpness": 838.740115625,
      "transform_matrix": [
        [
          0.8930862253601894,
          0.08790516116078817,
          -0.4412138673863696,
          -1.7748374318043254
        ],
        [
          -0.4497025891834088,
          0.20239899885191964,
          -0.8699438065447127,
          -3.477509766707216
        ],
        [
          0.012828694523442263,
          0.9753498490097677,
          0.22029093647793357,
          0.8810360688147743
        ],
        [
          0.0,
          0.0,
          0.0,
          1.0
        ]
      ]
    },
    {
      "file_path": "images/r_17.png",
      "sharpness": 894.461896875,
      "transform_matrix": [
        [
          0.12531842833004117,
          0.2105853685707837,
          -0.9695097184276429,
          -3.8808451132787023
        ],
        [
          -0.9920342993459804,
          0.01401308468541096,
          -0.12518619084689148,
          -0.49392963786948046
        ],
        [
          -0.01277655835180963,
          0.9774750309150427,
          0.21066400631146398,
          0.8428461325837077
        ],
        [
          0.0,
          0.0,
          0.0,
          1.0
        ]
      ]
    },
    {
      "file_path": "images/r_21.png",
      "sharpness": 884.6087875,
      "transform_matrix": [
        [
          -0.3269128510259632,
          0.5800357422309071,
          -0.7461142845634103,
          -2.9842624340465775
        ],
        [
          -0.9447534156841788,
          -0.220508566689306,
          0.24252207233514012,
          0.978877781479514
        ],
        [
          -0.023853121241203923,
          0.7841776009358445,
          0.6200778329036069,
          2.484087827564113
        ],
        [
          0.0,
          0.0,
          0.0,
          1.0
        ]
      ]
    },
    {
      "file_path": "images/r_12.png",
      "sharpness": 976.268303125,
      "transform_matrix": [
        [
          -0.5606939254427309,
          0.49752564139731337,
          -0.6618840972441213,
          -2.6423178235951337
        ],
        [
          -0.8275166801324507,
          -0.3646459846208468,
          0.42690683995748535,
          1.7150612743318183
        ],
        [
          -0.0289562789777148,
          0.7870842026780334,
          0.6161655555638652,
          2.4661079425633945
        ],
        [
          0.0,
          0.0,
          0.0,
          1.0
        ]
      ]
    },
    {
      "file_path": "images/r_84.png",
      "sharpness": 606.12649375,
      "transform_matrix": [
        [
          0.4065256007179898,
          0.7156937379430183,
          -0.5679079234267469,
          -2.2737496370648373
        ],
        [
          -0.9136198559722265,
          0.3143777756120758,
          -0.25780879149966296,
          -1.0222397687816378
        ],
        [
          -0.005974507943592278,
          0.6236578290414102,
          0.7816746238628093,
          3.124593193383998
        ],
        [
          0.0,
          0.0,
          0.0,
          1.0
        ]
      ]
    },
    {
      "file_path": "images/r_87.png",
      "sharpness": 666.582315625,
      "transform_matrix": [
        [
          0.3754461071848151,
          0.5406923675619923,
          -0.752789468789799,
          -3.0137777081449864
        ],
        [
          -0.926819640911304,
          0.213102023402544,
          -0.30918098396054067,
          -1.2285785048825941
        ],
        [
          -0.006750839227538663,
          0.8137808619891289,
          0.581132631066981,
          2.3252193666319516
        ],
        [
          0.0,
          0.0,
          0.0,
          1.0
        ]
      ]
    },
    {
      "file_path": "images/r_3.png",
      "sharpness": 884.019965625,
      "transform_matrix": [
        [
          0.0009382174129680902,
          0.3476920454936529,
          -0.9376083197739755,
          -3.753228397835112
        ],
        [
          -0.999874650290341,
          -0.014492903469400664,
          -0.006374908298920193,
          -0.017969409447737995
        ],
        [
          -0.0158051717768772,
          0.9374967718932905,
          0.34763486490230033,
          1.3931227791389331
        ],
        [
          0.0,
          0.0,
          0.0,
          1.0
        ]
      ]
    },
    {
      "file_path": "images/r_86.png",
      "sharpness": 684.743025,
      "transform_matrix": [
        [
          0.43273003186269837,
          0.43181517737569874,
          -0.7913787792030776,
          -3.173379358467148
        ],
        [
          -0.9015108526399916,
          0.20260794684887296,
          -0.38239796344387605,
          -1.5243523039521947
        ],
        [
          -0.00478561477852027,
          0.8789116409058623,
          0.4769606120344045,
          1.9136440175375957
        ],
        [
          0.0,
          0.0,
          0.0,
          1.0
        ]
      ]
    },
    {
      "file_path": "images/r_30.png",
      "sharpness": 745.8829125,
      "transform_matrix": [
        [
          0.833410786586241,
          0.33696879900035004,
          -0.4380393696493691,
          -1.758748581400651
        ],
        [
          -0.5525741723752298,
          0.5215533302820528,
          -0.650110688802726,
          -2.594584656137047
        ],
        [
          0.00939387401213454,
          0.7838585026749706,
          0.6208684264609328,
          2.48271029722279
        ],
        [
          0.0,
          0.0,
          0.0,
          1.0
        ]
      ]
    },
    {
      "file_path": "images/r_63.png",
      "sharpness": 1912.923321875,
      "transform_matrix": [
        [
          0.18166534459099376,
          -0.7662378564713785,
          0.6163418288138774,
          2.464137016542972
        ],
        [
          0.9832136162383448,
          0.13070359437365844,
          -0.12730889702353226,
          -0.5185063211913403
        ],
        [
          0.016990803976238963,
          0.6291232929943266,
          0.7771198072711141,
          3.1068279503516343
        ],
        [
          0.0,
          0.0,
          0.0,
          1.0
        ]
      ]
    },
    {
      "file_path": "images/r_15.png",
      "sharpness": 1286.90260625,
      "transform_matrix": [
        [
          0.8004710489994679,
          0.5935473238565332,
          -0.0833527091178905,
          -0.34124762263666536
        ],
        [
          -0.5993665296372453,
          0.7932482002539202,
          -0.10731754723504972,
          -0.43142147529859065
        ],
        [
          0.002421343529844411,
          0.1358634136111429,
          0.9907246186495596,
          3.9524217630273832
        ],
        [
          0.0,
          0.0,
          0.0,
          1.0
        ]
      ]
    },
    {
      "file_path": "images/r_72.png",
      "sharpness": 1199.132065625,
      "transform_matrix": [
        [
          0.8138640573056739,
          -0.15165443732597222,
          0.5609155265511391,
          2.236475985695552
        ],
        [
          0.5804269006520373,
          0.16730282265829605,
          -0.7969406367666679,
          -3.1928900460746767
        ],
        [
          0.027016832986181016,
          0.9741718006743711,
          0.22418606907461514,
          0.8959071261823415
        ],
        [
          0.0,
          0.0,
          0.0,
          1.0
        ]
      ]
    },
    {
      "file_path": "images/r_14.png",
      "sharpness": 1414.90888125,
      "transform_matrix": [
        [
          -0.9205257234197342,
          -0.22878074719645736,
          0.31668874671459,
          1.2758213481171603
        ],
        [
          0.39032857812904515,
          -0.5040965944518194,
          0.7704091280338395,
          3.0765890271319094
        ],
        [
          -0.016613057238513307,
          0.8327940881270922,
          0.5533335460376791,
          2.2128162530276443
        ],
        [
          0.0,
          0.0,
          0.0,
          1.0
        ]
      ]
    },
    {
      "file_path": "images/r_81.png",
      "sharpness": 777.82938125,
      "transform_matrix": [
        [
          0.8145113075483552,
          0.24053269606627525,
          -0.5279349884785152,
          -2.1211375447236973
        ],
        [
          -0.5800803021967793,
          0.3515306013964535,
          -0.7348013876451011,
          -2.9354415103081495
        ],
        [
          0.008841545154565644,
          0.9047487266960275,
          0.4258539288090161,
          1.7049069584425178
        ],
        [
          0.0,
          0.0,
          0.0,
          1.0
        ]
      ]
    },
    {
      "file_path": "images/r_22.png",
      "sharpness": 1387.2672625,
      "transform_matrix": [
        [
          -0.8425676524137877,
          -0.5363424554160987,
          0.049158129388745586,
          0.2054329238049289
        ],
        [
          0.5384266802848178,
          -0.836544406074045,
          0.10144045851492822,
          0.400614628795303
        ],
        [
          -0.013283866445212622,
          0.11193849740649522,
          0.9936263441311924,
          3.975873358844336
        ],
        [
          0.0,
          0.0,
          0.0,
          1.0
        ]
      ]
    },
    {
      "file_path": "images/r_67.png",
      "sharpness": 1751.698540625,
      "transform_matrix": [
        [
          0.3647801883919283,
          -0.4664844625156975,
          0.8058086996608083,
          3.219424104683558
        ],
        [
          0.9308308409403224,
          0.16214413303088973,
          -0.3275106497169495,
          -1.3178250236874902
        ],
        [
          0.022121476406127633,
          0.8695409860464096,
          0.4933650919227349,
          1.972171039882197
        ],
        [
          0.0,
          0.0,
          0.0,
          1.0
        ]
      ]
    },
    {
      "file_path": "images/r_19.png",
      "sharpness": 1240.8861875,
      "transform_matrix": [
        [
          -0.9971725534805725,
          0.06100466122222685,
          -0.04387858196259825,
          -0.16549443871616387
        ],
        [
          -0.07052525656152173,
          -0.9613395416473929,
          0.2661812800557868,
          1.0645702990840107
        ],
        [
          -0.025943917058559807,
          0.26852321497242426,
          0.9629237748905203,
          3.8516280925649915
        ],
        [
          0.0,
          0.0,
          0.0,
          1.0
        ]
      ]
    },
    {
      "file_path": "images/r_77.png",
      "sharpness": 1838.26539375,
      "transform_matrix": [
        [
          0.37333687997441556,
          -0.6641621614781332,
          0.6476945247356312,
          2.5875741159280596
        ],
        [
          0.9274664319724103,
          0.25168986443795877,
          -0.2765108129957916,
          -1.1145164962952128
        ],
        [
          0.020629872103441693,
          0.7039466140676598,
          0.7099532188676593,
          2.8382894211223064
        ],
        [
          0.0,
          0.0,
          0.0,
          1.0
        ]
      ]
    },
    {
      "file_path": "images/r_2.png",
      "sharpness": 1258.161371875,
      "transform_matrix": [
        [
          0.7159829143867918,
          -0.12498565496198782,
          0.6868384471043908,
          2.740437484039663
        ],
        [
          0.6976144500352984,
          0.09073790013364563,
          -0.7107043777699064,
          -2.8482363452117903
        ],
        [
          0.02650557371861728,
          0.988000617202977,
          0.152158585131634,
          0.6076858629184965
        ],
        [
          0.0,
          0.0,
          0.0,
          1.0
        ]
      ]
    },
    {
      "file_path": "images/r_83.png",
      "sharpness": 1220.151021875,
      "transform_matrix": [
        [
          -0.9990074787599099,
          0.020687582171361713,
          -0.039447197448275795,
          -0.14738101131734782
        ],
        [
          -0.03680017910159584,
          -0.8822900239356241,
          0.46926544778173357,
          1.8769208526446821
        ],
        [
          -0.025095901269667154,
          0.4702513557887227,
          0.882175639076034,
          3.529152201754708
        ],
        [
          0.0,
          0.0,
          0.0,
          1.0
        ]
      ]
    },
    {
      "file_path": "images/r_33.png",
      "sharpness": 725.96133125,
      "transform_matrix": [
        [
          0.21153392596395043,
          0.6441872468408776,
          -0.7350348217837717,
          -2.9419166991619132
        ],
        [
          -0.9773003969066,
          0.1303951898134284,
          -0.16697613206607637,
          -0.6592163827382668
        ],
        [
          -0.01171888969781007,
          0.753670939827664,
          0.6571474584478082,
          2.6297518123109445
        ],
        [
          0.0,
          0.0,
          0.0,
          1.0
        ]
      ]
    },
    {
      "file_path": "images/r_78.png",
      "sharpness": 1654.3839875,
      "transform_matrix": [
        [
          -0.2740087079139786,
          -0.9021658761913715,
          0.3331905759231784,
          1.3356936209790753
        ],
        [
          0.9617078333552469,
          -0.25923297942417967,
          0.08897362329389936,
          0.34669944558725563
        ],
        [
          0.006105018895762204,
          0.34481153442265305,
          0.9386520838597522,
          3.752391451996815
        ],
        [
          0.0,
          0.0,
          0.0,
          1.0
        ]
      ]
    },
    {
      "file_path": "images/r_29.png",
      "sharpness": 723.655134375,
      "transform_matrix": [
        [
          0.6405792866367493,
          0.40561248676181066,
          -0.6520250671375334,
          -2.6147464290333797
        ],
        [
          -0.7678889700334631,
          0.3407616653318466,
          -0.5424278911903763,
          -2.16313011211861
        ],
        [
          0.0021696218812016776,
          0.8481509288308481,
          0.5297502191836636,
          2.120408742943475
        ],
        [
          0.0,
          0.0,
          0.0,
          1.0
        ]
      ]
    },
    {
      "file_path": "images/r_8.png",
      "sharpness": 1727.33011875,
      "transform_matrix": [
        [
          0.008062350522827635,
          -0.4381911687091476,
          0.8988456476115411,
          3.59551035083412
        ],
        [
          0.9998638746189111,
          -0.009407584000218851,
          -0.013554689054447178,
          -0.06360183525300606
        ],
        [
          0.014395510971393986,
          0.8988325745596047,
          0.4380556725295345,
          1.751330136414739
        ],
        [
          0.0,
          0.0,
          0.0,
          1.0
        ]
      ]
    },
    {
      "file_path": "images/r_34.png",
      "sharpness": 856.892525,
      "transform_matrix": [
        [
          0.8406253950173577,
          0.087431421657794,
          -0.5345135094828387,
          -2.148264902346456
        ],
        [
          -0.5415244027881359,
          0.153921504492038,
          -0.8264741324686969,
          -3.303581571696111
        ],
        [
          0.01001331518578763,
          0.9842072530830115,
          0.17673657391344008,
          0.7069682911998544
        ],
        [
          0.0,
          0.0,
          0.0,
          1.0
        ]
      ]
    },
    {
      "file_path": "images/r_9.png",
      "sharpness": 817.26798125,
      "transform_matrix": [
        [
          0.838922502806983,
          0.19275824534069558,
          -0.5089727823745541,
          -2.0442878185370863
        ],
        [
          -0.5441620627390145,
          0.31396966603065324,
          -0.7780171580937311,
          -3.107513993501134
        ],
        [
          0.009832792261729117,
          0.9296597806297227,
          0.3682879424264545,
          1.4730389717963062
        ],
        [
          0.0,
          0.0,
          0.0,
          1.0
        ]
      ]
    },
    {
      "file_path": "images/r_26.png",
      "sharpness": 1503.83108125,
      "transform_matrix": [
        [
          -0.25298579096307566,
          -0.26094503280534764,
          0.9316146625541352,
          3.731307975192183
        ],
        [
          0.9674364767241799,
          -0.0762481348131485,
          0.24135634535070039,
          0.9565609912534547
        ],
        [
          0.008053140929016198,
          0.9623377327384625,
          0.27173743785104476,
          1.0870715039516479
        ],
        [
          0.0,
          0.0,
          0.0,
          1.0
        ]
      ]
    },
    {
      "file_path": "images/r_90.png",
      "sharpness": 930.8304,
      "transform_matrix": [
        [
          -0.049175670575865346,
          0.2078144453788751,
          -0.9769313741384994,
          -3.9076758526723285
        ],
        [
          -0.9986431194387456,
          -0.027012448473552334,
          0.04452243956860911,
          0.18614883126201892
        ],
        [
          -0.017136902320247904,
          0.9777952157687111,
          0.20886082126517574,
          0.8360475386115496
        ],
        [
          0.0,
          0.0,
          0.0,
          1.0
        ]
      ]
    },
    {
      "file_path": "images/r_24.png",
      "sharpness": 1573.510459375,
      "transform_matrix": [
        [
          0.35069596242123596,
          -0.28538726986527113,
          0.8919453168222491,
          3.564696796933236
        ],
        [
          0.9362418043079884,
          0.0849447978406502,
          -0.3409335201853268,
          -1.372113103136718
        ],
        [
          0.021531971908866132,
          0.9546405017487758,
          0.29698129009659646,
          1.1871023130396272
        ],
        [
          0.0,
          0.0,
          0.0,
          1.0
        ]
      ]
    },
    {
      "file_path": "images/r_80.png",
      "sharpness": 1313.9992625,
      "transform_matrix": [
        [
          -0.9647387081107507,
          -0.14006684355058446,
          0.2228463696617647,
          0.9006414685293802
        ],
        [
          0.2625672924548799,
          -0.45302697180386275,
          0.851953625352437,
          3.403166149078127
        ],
        [
          -0.0183750391292396,
          0.8804248078082695,
          0.47382962739116247,
          1.8943566454588525
        ],
        [
          0.0,
          0.0,
          0.0,
          1.0
        ]
      ]
    },
    {
