{
  "camera_angle_x": 0.9050902747293457,
  "camera_angle_y": 1.1628683635550843,
  "fl_x": 555.329354007059,
  "fl_y": 547.7616376590308,
  "k1": 0.06731966186551966,
  "k2": -0.10397954753619053,
  "k3": 0,
  "k4": 0,
  "p1": 0.003508068946204809,
  "p2": 0.00022011546855515223,
  "is_fisheye": false,
  "cx": 271.40421659585974,
  "cy": 367.6532939972037,
  "w": 540.0,
  "h": 720.0,
  "aabb_scale": 16,
  "frames": [
    {
      "file_path": "images/IMG_5264_compressed.jpg",
      "sharpness": 420.06009509167586,
      "transform_matrix": [
        [
          -0.8409802033488831,
          0.2668143239380483,
          0.4707041684110446,
          1.9111676150297914
        ],
        [
          0.41375960239082654,
          -0.24344229520726926,
          0.877233629276502,
          3.2853129466452757
        ],
        [
          0.34864780085274427,
          0.9324944854988897,
          0.0943331623423441,
          0.6445829696583821
        ],
        [
          0.0,
          0.0,
          0.0,
          1.0
        ]
      ]
    },
    {
      "file_path": "images/IMG_5277_compressed.jpg",
      "sharpness": 900.9972717611645,
      "transform_matrix": [
        [
          -0.02495714823483719,
          -0.2401318846703272,
          0.9704194035361414,
          4.584607756269469
        ],
        [
          0.9995512962715825,
          0.010089430251017474,
          0.028203005496411374,
          0.16434233853581748
        ],
        [
          -0.01656341974943274,
          0.9706878393204877,
          0.239772333191984,
          0.8017295994753582
        ],
        [
          0.0,
          0.0,
          0.0,
          1.0
        ]
      ]
    },
    {
      "file_path": "images/IMG_5275_compressed.jpg",
      "sharpness": 510.91932279943745,
      "transform_matrix": [
        [
          0.1925303095078373,
          0.08945164803695921,
          0.9772054454550833,
          4.00838301975825
        ],
        [
          0.980833542508462,
          0.012862449389910883,
          -0.19442252772251994,
          -1.1018640359311873
        ],
        [
          -0.029960671106002125,
          0.995908108261982,
          -0.08526076546524239,
          -0.9012339639141316
        ],
        [
          0.0,
          0.0,
          0.0,
          1.0
        ]
      ]
    },
    {
      "file_path": "images/IMG_5278_compressed.jpg",
      "sharpness": 783.2816665866221,
      "transform_matrix": [
        [
          -0.4063760215535603,
          -0.21477154748850497,
          0.8881056871445386,
          3.862970103410847
        ],
        [
          0.8940695754880255,
          -0.29389424908080375,
          0.3380321945376116,
          1.5644803549583806
        ],
        [
          0.1884094565059571,
          0.9313964530670324,
          0.3114522819888821,
          1.1151158895000834
        ],
        [
          0.0,
          0.0,
          0.0,
          1.0
        ]
      ]
    },
    {
      "file_path": "images/IMG_5263_compressed.jpg",
      "sharpness": 534.4624059937242,
      "transform_matrix": [
        [
          -0.523809883965908,
          0.1436148242253432,
          0.8396415829180481,
          3.579580978522246
        ],
        [
          0.8338525963024528,
          -0.11501684571063801,
          0.539871255803136,
          2.1861416041880792
        ],
        [
          0.17410644190120372,
          0.9829272137384854,
          -0.05950663344200874,
          -0.06954147500379923
        ],
        [
          0.0,
          0.0,
          0.0,
          1.0
        ]
      ]
    },
    {
      "file_path": "images/IMG_5273_compressed.jpg",
      "sharpness": 1104.1682426982716,
      "transform_matrix": [
        [
          0.7159585295380669,
          0.08696321359389175,
          0.6927054088903097,
          2.6147042479131377
        ],
        [
          0.6381738373470551,
          0.3208041132679949,
          -0.6998706124964037,
          -2.739484026184728
        ],
        [
          -0.2830857420176124,
          0.9431448035324215,
          0.17418479347787175,
          0.6615638102120622
        ],
        [
          0.0,
          0.0,
          0.0,
          1.0
        ]
      ]
    },
    {
      "file_path": "images/IMG_5262_compressed.jpg",
      "sharpness": 678.2132969019838,
      "transform_matrix": [
        [
          -0.08439992922191136,
          0.19844003889246112,
          0.9764723257494162,
          4.003876345614968
        ],
        [
          0.9958829223823069,
          -0.0157280292902642,
          0.0892739267756403,
          0.4059961661081189
        ],
        [
          0.03307350684196001,
          0.9799868264940027,
          -0.19629560129098436,
          -0.35952778609582225
        ],
        [
          0.0,
          0.0,
          0.0,
          1.0
        ]
      ]
    },
    {
      "file_path": "images/IMG_5279_compressed.jpg",
      "sharpness": 426.58892048785106,
      "transform_matrix": [
        [
          -0.7769114433376987,
          -0.00027340318098220684,
          0.6296098271980942,
          2.7683246294425583
        ],
        [
          0.5290534313582352,
          -0.5424242039509941,
          0.6525936329265163,
          2.7354119770293845
        ],
        [
          0.34133718814251823,
          0.8401047007659492,
          0.4215602160839119,
          1.5781948050239645
        ],
        [
          0.0,
          0.0,
          0.0,
          1.0
        ]
      ]
    },
    {
      "file_path": "images/IMG_5287_compressed.jpg",
      "sharpness": 582.9887515605682,
      "transform_matrix": [
        [
          0.03821565074295295,
          -0.382676987340683,
          0.923091483787458,
          3.0395260221367146
        ],
        [
          0.9984081389725651,
          -0.02372531259668475,
          -0.05116930305906087,
          -0.10844991041538157
        ],
        [
          0.0414819487471588,
          0.9235775186441251,
          0.3811611404984768,
          1.5592104167920886
        ],
        [
          0.0,
          0.0,
          0.0,
          1.0
        ]
      ]
    },
    {
      "file_path": "images/IMG_52762_compressed.jpg",
      "sharpness": 849.1802628100112,
      "transform_matrix": [
        [
          -0.03752869003829336,
          0.08668140082614945,
          0.9955289710589068,
          4.112592268368278
        ],
        [
          0.9982453438010106,
          -0.04240970117022319,
          0.04132373199840376,
          0.11690441407551422
        ],
        [
          0.04580208514589404,
          0.9953329855079582,
          -0.08493772423901891,
          -1.03545510002397
        ],
        [
          0.0,
          0.0,
          0.0,
          1.0
        ]
      ]
    },
    {
      "file_path": "images/IMG_5274_compressed.jpg",
      "sharpness": 804.2209850174685,
      "transform_matrix": [
        [
          0.35041265483123196,
          -0.0030779711378040586,
          0.936590357344438,
          3.9602075301607025
        ],
        [
          0.9309315414508933,
          0.11095308121436395,
          -0.3479308536202618,
          -1.747635619937618
        ],
        [
          -0.10284666485763293,
          0.9938208791854732,
          0.04174474416588786,
          0.07750311801399934
        ],
        [
          0.0,
          0.0,
          0.0,
          1.0
        ]
      ]
    },
    {
      "file_path": "images/IMG_5272_compressed.jpg",
      "sharpness": 770.375676008061,
      "transform_matrix": [
        [
          0.8545592561446174,
          0.18972023149206788,
          0.4834611789409092,
          1.668061869985154
        ],
        [
          0.38306511886900385,
          0.3983411401543504,
          -0.8334179328322792,
          -2.7515469677876556
        ],
        [
          -0.3506987203862688,
          0.8974021227182851,
          0.2677309053937366,
          1.0228880607655613
        ],
        [
          0.0,
          0.0,
          0.0,
          1.0
        ]
      ]
    },
    {
      "file_path": "images/IMG_5286_compressed.jpg",
      "sharpness": 1035.8173885507092,
      "transform_matrix": [
        [
          0.6413043214459427,
          -0.22075388811402263,
          0.7348445333674872,
          2.3571088628710606
        ],
        [
          0.7417058612478488,
          0.4235904227085608,
          -0.5200418917550692,
          -1.43758970442501
        ],
        [
          -0.1964718369271057,
          0.8785436100200547,
          0.435384821313536,
          1.7604640486278769
        ],
        [
          0.0,
          0.0,
          0.0,
          1.0
        ]
      ]
    }
  ]
}