{
  "camera_angle_x": 0.7547870861070931,
  "camera_angle_y": 1.2227561160921265,
  "fl_x": 908.1882449603294,
  "fl_y": 913.0178411045028,
  "k1": -0.01645249062532784,
  "k2": 0.003876820792670091,
  "k3": 0,
  "k4": 0,
  "p1": -0.002813911828796065,
  "p2": -0.004472034310735376,
  "is_fisheye": false,
  "cx": 358.60105729589577,
  "cy": 611.3152180179918,
  "w": 720.0,
  "h": 1280.0,
  "aabb_scale": 16,
  "frames": [
    {
      "file_path": "images/photo_2024-03-19_11-30-03.jpg",
      "sharpness": 2352.1225127073494,
      "transform_matrix": [
        [
          -0.1469943088087156,
          -0.016860646883672344,
          0.988993625747405,
          3.838707772425746
        ],
        [
          0.9890001372786198,
          0.01414748249558928,
          0.14723646695677997,
          0.5103105123838905
        ],
        [
          -0.01647427208626855,
          0.9997577543236127,
          0.014595582671735722,
          0.06680222293996964
        ],
        [
          0.0,
          0.0,
          0.0,
          1.0
        ]
      ]
    },
    {
      "file_path": "images/photo_2024-03-19_11-29-44.jpg",
      "sharpness": 706.0371577488359,
      "transform_matrix": [
        [
          0.5973034667739906,
          0.01661295403411146,
          0.8018432380100984,
          3.198095068203288
        ],
        [
          0.7978549527782351,
          0.08939426507082608,
          -0.5961846523516805,
          -2.4323986936517983
        ],
        [
          -0.08158457518928539,
          0.9958577584851991,
          0.04014077678012448,
          0.06867722477696009
        ],
        [
          0.0,
          0.0,
          0.0,
          1.0
        ]
      ]
    },
    {
      "file_path": "images/photo_2024-03-19_11-29-50.jpg",
      "sharpness": 2102.919179407115,
      "transform_matrix": [
        [
          0.3007609952853543,
          -0.0032915283666565334,
          0.9536938657454292,
          3.9121114335900997
        ],
        [
          0.951631378086006,
          0.06685668991474977,
          -0.29987981468544833,
          -1.2914560161645547
        ],
        [
          -0.06277375213911632,
          0.9977571592622763,
          0.02324020627581498,
          0.035049306199867146
        ],
        [
          0.0,
          0.0,
          0.0,
          1.0
        ]
      ]
    },
    {
      "file_path": "images/photo_2024-03-19_11-29-58.jpg",
      "sharpness": 1732.8489319726962,
      "transform_matrix": [
        [
          -0.5388832071133425,
          -0.018570776897158525,
          0.8421757627367108,
          3.2474646857725706
        ],
        [
          0.842063181426611,
          -0.039313682247002706,
          0.5379442655832324,
          2.0779931393072015
        ],
        [
          0.023118987393106177,
          0.9990543331761813,
          0.03682325064828479,
          0.14074590740375345
        ],
        [
          0.0,
          0.0,
          0.0,
          1.0
        ]
      ]
    },
    {
      "file_path": "images/photo_2024-03-19_11-29-47.jpg",
      "sharpness": 1744.8641989813489,
      "transform_matrix": [
        [
          0.16299035771657472,
          -0.04080435824224908,
          0.9857835196656248,
          3.8637324049820085
        ],
        [
          0.9851045512286092,
          0.06222683482709373,
          -0.16030235237228838,
          -1.1224848622356258
        ],
        [
          -0.05480115364022985,
          0.9972275695047319,
          0.050338933082440376,
          0.07579071301304188
        ],
        [
          0.0,
          0.0,
          0.0,
          1.0
        ]
      ]
    },
    {
      "file_path": "images/photo_2024-03-19_11-29-55.jpg",
      "sharpness": 2270.0789919648805,
      "transform_matrix": [
        [
          -0.03472962576127635,
          -0.01938755488673121,
          0.9992086748094624,
          3.9145027172547096
        ],
        [
          0.9993052817942221,
          0.012852557299322939,
          0.034982360541353605,
          0.02493197168544355
        ],
        [
          -0.013520609182032073,
          0.9997294306415482,
          0.018927721494305015,
          0.0563679760794205
        ],
        [
          0.0,
          0.0,
          0.0,
          1.0
        ]
      ]
    },
    {
      "file_path": "images/photo_2024-03-19_11-29-41.jpg",
      "sharpness": 2161.021270561897,
      "transform_matrix": [
        [
          0.5231846830386194,
          -0.01597761469801778,
          0.8520695413326469,
          3.425318134387724
        ],
        [
          0.8475333484880919,
          0.11445938603938927,
          -0.5182530966121236,
          -2.071563189769715
        ],
        [
          -0.08924690827007567,
          0.993299433595168,
          0.07342495889167641,
          0.06898683442482131
        ],
        [
          0.0,
          0.0,
          0.0,
          1.0
        ]
      ]
    },
    {
      "file_path": "images/photo_2024-03-19_11-27-48.jpg",
      "sharpness": 368.10369795031,
      "transform_matrix": [
        [
          0.0306775224675569,
          -0.013873348353415218,
          0.9994330491959947,
          3.9318173697174204
        ],
        [
          0.9986543946981126,
          0.042253639670337365,
          -0.03006708972884823,
          -0.22228497080050744
        ],
        [
          -0.04181255272557241,
          0.9990105906068057,
          0.015150917282638746,
          0.10069053468795605
        ],
        [
          0.0,
          0.0,
          0.0,
          1.0
        ]
      ]
    },
    {
      "file_path": "images/photo_2024-03-19_11-27-12.jpg",
      "sharpness": 598.8127267794845,
      "transform_matrix": [
        [
          -0.43911554175944184,
          -0.022349694701485595,
          0.8981525661804617,
          3.5143141748628235
        ],
        [
          0.8984152371057951,
          -0.016769390893393077,
          0.43882667337481845,
          1.6331484631082773
        ],
        [
          0.005253829287388526,
          0.9996095631196746,
          0.027443006431605462,
          0.16180276954956554
        ],
        [
          0.0,
          0.0,
          0.0,
          1.0
        ]
      ]
    },
    {
      "file_path": "images/photo_2024-03-19_11-30-24.jpg",
      "sharpness": 2082.7607207212054,
      "transform_matrix": [
        [
          -0.9599298428474055,
          0.008461879154192588,
          -0.2801126441569914,
          -1.1133532234146133
        ],
        [
          -0.2794729218909613,
          -0.10283131416108139,
          0.9546311364907603,
          4.103458183954922
        ],
        [
          -0.02072637799798444,
          0.9946628159499734,
          0.10107571333434945,
          0.43900674482120106
        ],
        [
          0.0,
          0.0,
          0.0,
          1.0
        ]
      ]
    },
    {
      "file_path": "images/photo_2024-03-19_11-27-25.jpg",
      "sharpness": 95.59028643254416,
      "transform_matrix": [
        [
          0.22344242536421255,
          -0.02113718239793331,
          0.974487917868724,
          3.7884464307544357
        ],
        [
          0.9733658161277162,
          0.05746481270397644,
          -0.22193869264940866,
          -0.826231001672036
        ],
        [
          -0.051307607054924764,
          0.9981237472506361,
          0.03341428791908144,
          0.10404642692832523
        ],
        [
          0.0,
          0.0,
          0.0,
          1.0
        ]
      ]
    },
    {
      "file_path": "images/photo_2024-03-19_11-30-15.jpg",
      "sharpness": 2700.881673053967,
      "transform_matrix": [
        [
          -0.988052076349168,
          0.012163381866543359,
          -0.15363966469682366,
          -0.6777437925766967
        ],
        [
          -0.15411287820057532,
          -0.08781642005958337,
          0.9841430267703266,
          4.131531250282672
        ],
        [
          -0.0015215778869265527,
          0.9960624119571754,
          0.08864172996552784,
          0.41247317984914555
        ],
        [
          0.0,
          0.0,
          0.0,
          1.0
        ]
      ]
    },
    {
      "file_path": "images/photo_2024-03-19_11-30-22.jpg",
      "sharpness": 2559.935429214246,
      "transform_matrix": [
        [
          -0.9560167683772257,
          -0.009017323342864224,
          0.29317337270936106,
          0.9388568806114279
        ],
        [
          0.2926988899577435,
          -0.09392353193139703,
          0.9515806481675861,
          4.052329879043315
        ],
        [
          0.018955168241763607,
          0.9955385768686796,
          0.0924318320044758,
          0.3386552458323936
        ],
        [
          0.0,
          0.0,
          0.0,
          1.0
        ]
      ]
    },
    {
      "file_path": "images/photo_2024-03-19_11-27-15.jpg",
      "sharpness": 227.10241847897632,
      "transform_matrix": [
        [
          -0.22946614977819357,
          -0.010186108214080012,
          0.973263340165399,
          3.7511033885671936
        ],
        [
          0.9732826293563194,
          0.005958175145343995,
          0.22953305544560298,
          0.9666092702527906
        ],
        [
          -0.008136921984725294,
          0.9999303692522201,
          0.008546762675201568,
          0.10809373916313977
        ],
        [
          0.0,
          0.0,
          0.0,
          1.0
        ]
      ]
    },
    {
      "file_path": "images/photo_2024-03-19_11-27-41.jpg",
      "sharpness": 946.9135667673321,
      "transform_matrix": [
        [
          0.37944192634635476,
          -0.0014423783276454362,
          0.9252144314048574,
          3.5187989614991184
        ],
        [
          0.9236982083334011,
          0.05783817947398436,
          -0.3787299366525009,
          -1.6538213827923154
        ],
        [
          -0.05296644648285645,
          0.998324929341331,
          0.023278552512959818,
          0.12221310594528248
        ],
        [
          0.0,
          0.0,
          0.0,
          1.0
        ]
      ]
    },
    {
      "file_path": "images/photo_2024-03-19_11-30-37.jpg",
      "sharpness": 2570.4669017506876,
      "transform_matrix": [
        [
          -0.4646478714999051,
          0.06578570225936375,
          -0.8830484680318155,
          -3.224113834054441
        ],
        [
          -0.8820869942952725,
          -0.12180206418981868,
          0.4550678978506814,
          2.1162758784928464
        ],
        [
          -0.07762016495013273,
          0.9903718991074847,
          0.11462378224365993,
          0.46857865964166295
        ],
        [
          0.0,
          0.0,
          0.0,
          1.0
        ]
      ]
    },
    {
      "file_path": "images/photo_2024-03-19_11-30-27.jpg",
      "sharpness": 2343.403907894766,
      "transform_matrix": [
        [
          -0.916194094264024,
          0.03689923695478499,
          -0.39903236454248364,
          -1.621172656446948
        ],
        [
          -0.4007326545956416,
          -0.08762165343351756,
          0.9119954963651484,
          3.9586799150630294
        ],
        [
          -0.001311937632624164,
          0.9954701864778216,
          0.09506517058288241,
          0.46774076469810183
        ],
        [
          0.0,
          0.0,
          0.0,
          1.0
        ]
      ]
    },
    {
      "file_path": "images/photo_2024-03-19_11-27-35.jpg",
      "sharpness": 906.4566937860548,
      "transform_matrix": [
        [
          0.6127844866714387,
          -0.008367769856060775,
          0.7902057664475396,
          3.036404742886173
        ],
        [
          0.7879966037099906,
          0.08193138893719083,
          -0.6102037365080205,
          -2.255894454851858
        ],
        [
          -0.05963661155881689,
          0.9966028436337727,
          0.0568000583393572,
          0.14190976477560344
        ],
        [
          0.0,
          0.0,
          0.0,
          1.0
        ]
      ]
    },
    {
      "file_path": "images/photo_2024-03-19_11-30-42.jpg",
      "sharpness": 2391.153067773772,
      "transform_matrix": [
        [
          -0.6663068718717879,
          0.05086188793604003,
          -0.7439410063012394,
          -2.7632176737705745
        ],
        [
          -0.7430141869374112,
          -0.12953416515650643,
          0.656620756652538,
          2.8907235975674714
        ],
        [
          -0.0629688058355831,
          0.9902696442975539,
          0.12410060869685383,
          0.4944425787792028
        ],
        [
          0.0,
          0.0,
          0.0,
          1.0
        ]
      ]
    },
    {
      "file_path": "images/photo_2024-03-19_11-30-31.jpg",
      "sharpness": 1276.85114323688,
      "transform_matrix": [
        [
          -0.7767205030142665,
          0.03591413033067485,
          -0.6288206703380076,
          -2.4154473536329504
        ],
        [
          -0.6280780839479878,
          -0.11890357136173083,
          0.769012263349328,
          3.3342608549927695
        ],
        [
          -0.04715061679745172,
          0.9922560737856159,
          0.11491171992302494,
          0.48456339163286904
        ],
        [
          0.0,
          0.0,
          0.0,
          1.0
        ]
      ]
    },
    {
      "file_path": "images/photo_2024-03-19_11-30-45.jpg",
      "sharpness": 3196.081750184796,
      "transform_matrix": [
        [
          -0.1545443300433583,
          0.004945266565188913,
          0.9879734785886385,
          3.6302727382078857
        ],
        [
          0.9876370424348607,
          0.02734331286044307,
          0.15435483682847106,
          0.34561888332403023
        ],
        [
          -0.02625114210912636,
          0.9996138692439722,
          -0.009109882411678316,
          -0.008897367513322693
        ],
        [
          0.0,
          0.0,
          0.0,
          1.0
        ]
      ]
    },
    {
      "file_path": "images/photo_2024-03-19_11-30-34.jpg",
      "sharpness": 3432.3181818025287,
      "transform_matrix": [
        [
          -0.1724823913841715,
          0.09254341862677531,
          -0.9806556685890068,
          -3.5386495249675156
        ],
        [
          -0.9825776024385942,
          -0.08612490083138155,
          0.1646929161889309,
          1.0759940139275126
        ],
        [
          -0.0692176267192238,
          0.9919769236883038,
          0.10578611924888942,
          0.46948589217010017
        ],
        [
          0.0,
          0.0,
          0.0,
          1.0
        ]
      ]
    },
    {
      "file_path": "images/photo_2024-03-19_11-27-44.jpg",
      "sharpness": 1037.4347567873517,
      "transform_matrix": [
        [
          0.31105018875391494,
          -0.012606469083124258,
          0.9503098742083534,
          3.7316730011995687
        ],
        [
          0.9492276510918262,
          0.053632864215948824,
          -0.3099844871581399,
          -1.1460590670457735
        ],
        [
          -0.047060030592884806,
          0.998481142945489,
          0.028648921574119725,
          0.11296772283844951
        ],
        [
          0.0,
          0.0,
          0.0,
          1.0
        ]
      ]
    },
    {
      "file_path": "images/photo_2024-03-19_11-30-19.jpg",
      "sharpness": 3037.5532689249676,
      "transform_matrix": [
        [
          -0.999137724446107,
          0.030509422322697464,
          -0.02815994926621837,
          -0.2652902245748485
        ],
        [
          -0.029119044813811917,
          -0.0314615680240314,
          0.9990807029297519,
          4.218103598075814
        ],
        [
          0.02959541894074885,
          0.9990392108878874,
          0.0323228447188953,
          0.38455464558048574
        ],
        [
          0.0,
          0.0,
          0.0,
          1.0
        ]
      ]
    },
    {
      "file_path": "images/photo_2024-03-19_11-27-19.jpg",
      "sharpness": 526.0528090973843,
      "transform_matrix": [
        [
          -0.07281317628421081,
          -0.027608806865135525,
          0.9969633870646274,
          3.880382172933171
        ],
        [
          0.9969920515787994,
          0.024599086788563918,
          0.07349648983367887,
          0.24130564376373578
        ],
        [
          -0.02655353927650684,
          0.9993160854890422,
          0.02573462335534799,
          0.10603031345574242
        ],
        [
          0.0,
          0.0,
          0.0,
          1.0
        ]
      ]
    },
    {
      "file_path": "images/photo_2024-03-19_11-30-13.jpg",
      "sharpness": 3147.2923632809516,
      "transform_matrix": [
        [
          -0.9986638677421451,
          0.026801404573189382,
          -0.04418329982798147,
          -0.30622928432806357
        ],
        [
          -0.04637478535903152,
          -0.0875691050840472,
          0.9950784045077501,
          4.413501189845053
        ],
        [
          0.02280040687565952,
          0.9957978391983693,
          0.08869501056235517,
          0.4085667289407745
        ],
        [
          0.0,
          0.0,
          0.0,
          1.0
        ]
      ]
    },
    {
      "file_path": "images/photo_2024-03-19_11-27-30.jpg",
      "sharpness": 1098.8902802624164,
      "transform_matrix": [
        [
          0.043690738448359696,
          -0.012691534632384203,
          0.9989644860188966,
          3.95365196833085
        ],
        [
          0.9976776554973181,
          0.05285337045789845,
          -0.04296297187837403,
          -0.09897961293165893
        ],
        [
          -0.052253374008336344,
          0.9985216303037182,
          0.014971263301490378,
          0.10015393632891316
        ],
        [
          0.0,
          0.0,
          0.0,
          1.0
        ]
      ]
    },
    {
      "file_path": "images/photo_2024-03-19_11-30-10.jpg",
      "sharpness": 2769.5034823212795,
      "transform_matrix": [
        [
          -0.9484650296441607,
          -0.02062695848339845,
          0.3162097660261487,
          1.2298837315773465
        ],
        [
          0.3168258190719669,
          -0.08048751641319225,
          0.9450625164882058,
          4.10079421397922
        ],
        [
          0.005957173441223044,
          0.9965421658363611,
          0.08287474765728944,
          0.32203814330106584
        ],
        [
          0.0,
          0.0,
          0.0,
          1.0
        ]
      ]
    },
    {
      "file_path": "images/photo_2024-03-19_11-26-53.jpg",
      "sharpness": 706.0371577488359,
      "transform_matrix": [
        [
          0.5972957283416797,
          0.016614248052105523,
          0.8018489756001013,
          3.198130192497345
        ],
        [
          0.7978596073301844,
          0.08940671752639773,
          -0.5961765559396692,
          -2.432378955561433
        ],
        [
          -0.08159571004354124,
          0.9958566190106266,
          0.040146413036629344,
          0.06868759951506255
        ],
        [
          0.0,
          0.0,
          0.0,
          1.0
        ]
      ]
    },
    {
      "file_path": "images/photo_2024-03-19_11-30-06.jpg",
      "sharpness": 2740.5227729184003,
      "transform_matrix": [
        [
          -0.8323702366112985,
          0.009144945607737348,
          0.5541445291419635,
          2.2194417404227478
        ],
        [
          0.5522413057660075,
          -0.07072840618961765,
          0.8306786579440563,
          3.468849949631625
        ],
        [
          0.04679027048931386,
          0.9974536894172973,
          0.0538220034916161,
          0.23732963336147672
        ],
        [
          0.0,
          0.0,
          0.0,
          1.0
        ]
      ]
    },
    {
      "file_path": "images/photo_2024-03-19_11-27-21.jpg",
      "sharpness": 1098.8902802624164,
      "transform_matrix": [
        [
          0.043690738448359696,
          -0.012691534632384203,
          0.9989644860188966,
          3.95365196833085
        ],
        [
          0.9976776554973181,
          0.05285337045789845,
          -0.04296297187837403,
          -0.09897961293165893
        ],
        [
          -0.052253374008336344,
          0.9985216303037182,
          0.014971263301490378,
          0.10015393632891316
        ],
        [
          0.0,
          0.0,
          0.0,
          1.0
        ]
      ]
    },
    {
      "file_path": "images/photo_2024-03-19_11-30-01.jpg",
      "sharpness": 1742.8000103062761,
      "transform_matrix": [
        [
          -0.32914217236690846,
          -0.011004034702154244,
          0.9442162578532274,
          3.6465865325669764
        ],
        [
          0.9442753494058433,
          -0.0070985683356093315,
          0.3290800431993167,
          1.2525178834020505
        ],
        [
          0.003081375414812769,
          0.9999142571002533,
          0.012727276915928117,
          0.09423551157990485
        ],
        [
          0.0,
          0.0,
          0.0,
          1.0
        ]
      ]
    },
    {
      "file_path": "images/photo_2024-03-19_11-27-33.jpg",
      "sharpness": 95.59028643254416,
      "transform_matrix": [
        [
          0.22344536833914358,
          -0.021142840366179087,
          0.974487120322029,
          3.7884429746476957
        ],
        [
          0.9733655261407339,
          0.057458702973175464,
          -0.22194154629861326,
          -0.8262405939290489
        ],
        [
          -0.05130029131375405,
          0.9981239791520735,
          0.03341859298726607,
          0.10405563004702187
        ],
        [
          0.0,
          0.0,
          0.0,
          1.0
        ]
      ]
    },
    {
      "file_path": "images/photo_2024-03-19_11-26-52.jpg",
      "sharpness": 2161.021270561897,
      "transform_matrix": [
        [
          0.5231846830386184,
          -0.015977614698016736,
          0.8520695413326475,
          3.4253181343877275
        ],
        [
          0.8475333484880923,
          0.11445938603939178,
          -0.5182530966121227,
          -2.071563189769711
        ],
        [
          -0.08924690827007845,
          0.9932994335951677,
          0.07342495889167677,
          0.06898683442482212
        ],
        [
          0.0,
          0.0,
          0.0,
          1.0
        ]
      ]
    },
    {
      "file_path": "images/photo_2024-03-19_11-26-55.jpg",
      "sharpness": 1744.8641989813489,
      "transform_matrix": [
        [
          0.16299035771657694,
          -0.04080435824226737,
          0.9857835196656238,
          3.8637324049819157
        ],
        [
          0.9851045512286085,
          0.06222683482710225,
          -0.16030235237228915,
          -1.1224848622356387
        ],
        [
          -0.0548011536402352,
          0.9972275695047306,
          0.05033893308245989,
          0.07579071301307573
        ],
        [
          0.0,
          0.0,
          0.0,
          1.0
        ]
      ]
    },
    {
      "file_path": "images/photo_2024-03-19_11-27-10.jpg",
      "sharpness": 550.0038488385051,
      "transform_matrix": [
        [
          -0.1251867260656713,
          -0.01817829525223341,
          0.9919666492393618,
          3.795462684499091
        ],
        [
          0.9920330588754683,
          -0.016498753542217894,
          0.12489275891636507,
          0.577866423440138
        ],
        [
          0.014095875821452249,
          0.9996986249454223,
          0.020098894784329153,
          0.12120298543456602
        ],
        [
          0.0,
          0.0,
          0.0,
          1.0
        ]
      ]
    },
    {
      "file_path": "images/photo_2024-03-19_11-29-53.jpg",
      "sharpness": 1987.4579012966155,
      "transform_matrix": [
        [
          0.16408039433572474,
          -0.012659149760277823,
          0.9863657385201829,
          4.050417327360921
        ],
        [
          0.9858016234106005,
          0.03826755398726031,
          -0.16349542376734497,
          -0.7066069057244956
        ],
        [
          -0.035676091095414086,
          0.9991873399136246,
          0.018758365733173084,
          0.031707286056000074
        ],
        [
          0.0,
          0.0,
          0.0,
          1.0
        ]
      ]
    }
  ]
}